4.939767074584960938e+01 3.030542373657226562e+01 1.096499061584472656e+01 2.336260414123535156e+01 1.473013916015625000e+02
6.092015457153320312e+01 2.236872100830078125e+01 1.862939834594726562e+01 2.398107528686523438e+01 1.924736976623535156e+01
6.648764038085937500e+01 1.575578880310058594e+01 1.282804489135742188e+01 1.245824909210205078e+01 1.127100086212158203e+01
5.897031784057617188e+01 1.687966346740722656e+01 1.426164436340332031e+01 1.452621078491210938e+01 1.885086441040039062e+01
5.722166061401367188e+01 1.690757942199707031e+01 1.452871894836425781e+01 1.225919818878173828e+01 1.917202568054199219e+01
5.290732574462890625e+01 1.704533576965332031e+01 1.488230037689208984e+01 1.248895359039306641e+01 1.759743690490722656e+01
5.274353790283203125e+01 1.811584663391113281e+01 1.446625041961669922e+01 8.925945281982421875e+00 1.738284873962402344e+01
5.453284835815429688e+01 1.801996040344238281e+01 1.448361015319824219e+01 8.934173583984375000e+00 1.879574203491210938e+01
6.079721450805664062e+01 1.693717575073242188e+01 1.291572570800781250e+01 8.162261009216308594e+00 1.843283462524414062e+01
5.359466171264648438e+01 1.859257125854492188e+01 1.369944763183593750e+01 6.805748939514160156e+00 1.809549713134765625e+01
5.360417175292968750e+01 1.799692916870117188e+01 1.308662891387939453e+01 7.144602298736572266e+00 2.011862182617187500e+01
4.816710662841796875e+01 1.740782928466796875e+01 1.111113548278808594e+01 6.763842105865478516e+00 1.975572204589843750e+01
5.198592758178710938e+01 1.777592849731445312e+01 1.148212623596191406e+01 6.568425655364990234e+00 1.919203758239746094e+01
4.389007186889648438e+01 1.850532341003417969e+01 1.188768005371093750e+01 7.311256408691406250e+00 1.716173171997070312e+01
4.389192962646484375e+01 1.869368553161621094e+01 1.262050724029541016e+01 8.295410156250000000e+00 1.639858436584472656e+01
4.141732025146484375e+01 1.821906852722167969e+01 1.157118225097656250e+01 1.002769947052001953e+01 1.362073516845703125e+01
4.569013214111328125e+01 2.017729187011718750e+01 1.343322658538818359e+01 1.076376819610595703e+01 1.120373153686523438e+01
6.392567443847656250e+01 2.614373779296875000e+01 1.339652919769287109e+01 7.242782115936279297e+00 1.974207687377929688e+01
6.828874206542968750e+01 2.682056808471679688e+01 1.454559707641601562e+01 6.020022869110107422e+00 1.912167358398437500e+01
7.510145568847656250e+01 2.609194374084472656e+01 1.388208293914794922e+01 7.582255840301513672e+00 1.968418312072753906e+01
7.186457061767578125e+01 2.644182968139648438e+01 1.446809101104736328e+01 7.854234695434570312e+00 2.205100440979003906e+01
7.059261322021484375e+01 2.675032424926757812e+01 1.459315872192382812e+01 7.306435585021972656e+00 2.238615036010742188e+01
7.169754028320312500e+01 2.648785209655761719e+01 1.455739402770996094e+01 7.152580738067626953e+00 2.179152297973632812e+01
7.312088012695312500e+01 2.773556709289550781e+01 1.504802227020263672e+01 7.642198562622070312e+00 2.149651145935058594e+01
7.063134765625000000e+01 2.731499290466308594e+01 1.456582832336425781e+01 7.451768875122070312e+00 2.068460464477539062e+01
7.117969512939453125e+01 2.748824501037597656e+01 1.454028129577636719e+01 7.608769416809082031e+00 2.083610153198242188e+01
7.117943572998046875e+01 2.752937889099121094e+01 1.397975635528564453e+01 6.891688346862792969e+00 1.986543464660644531e+01
6.985485076904296875e+01 2.764047050476074219e+01 1.433521652221679688e+01 6.310652256011962891e+00 1.940163040161132812e+01
7.043894195556640625e+01 2.880932044982910156e+01 1.495283985137939453e+01 5.703291893005371094e+00 1.853222084045410156e+01
6.556158447265625000e+01 2.591054725646972656e+01 1.615083503723144531e+01 1.400993347167968750e+01 3.006354713439941406e+01
4.332617950439453125e+01 3.279755783081054688e+01 2.610597801208496094e+01 2.062476539611816406e+01 2.831257629394531250e+01
4.322756195068359375e+01 2.428342437744140625e+01 2.143541717529296875e+01 2.379446601867675781e+01 3.969945907592773438e+01
3.774940490722656250e+01 3.965362548828125000e+01 4.043285369873046875e+01 4.464315795898437500e+01 4.879306030273437500e+01
4.100164031982421875e+01 3.835559082031250000e+01 3.902802658081054688e+01 4.954444503784179688e+01 5.011117172241210938e+01
4.176064682006835938e+01 3.700839233398437500e+01 3.908836364746093750e+01 4.749085617065429688e+01 5.013718414306640625e+01
3.760107040405273438e+01 3.688251113891601562e+01 3.632741546630859375e+01 3.673987197875976562e+01 4.086956787109375000e+01
4.665938186645507812e+01 3.320873641967773438e+01 2.885322761535644531e+01 2.634763908386230469e+01 3.667004013061523438e+01
4.470278930664062500e+01 3.364000701904296875e+01 2.575848197937011719e+01 2.034024620056152344e+01 2.911809921264648438e+01
7.178426361083984375e+01 3.015357398986816406e+01 1.601976966857910156e+01 8.423573493957519531e+00 2.061553764343261719e+01
6.396002960205078125e+01 3.041651344299316406e+01 1.558699321746826172e+01 8.136341094970703125e+00 2.090097427368164062e+01
6.902803039550781250e+01 2.907830810546875000e+01 1.403236484527587891e+01 8.378106117248535156e+00 2.049903488159179688e+01
7.544486999511718750e+01 2.557241249084472656e+01 1.032918739318847656e+01 1.004491806030273438e+01 2.188904380798339844e+01
7.792354583740234375e+01 2.620876502990722656e+01 1.054999256134033203e+01 8.369194030761718750e+00 2.047575187683105469e+01
7.990654754638671875e+01 2.564672851562500000e+01 1.004349613189697266e+01 9.785186767578125000e+00 2.054224014282226562e+01
7.634756469726562500e+01 2.445224189758300781e+01 1.061041450500488281e+01 1.319550704956054688e+01 2.153946113586425781e+01
7.375537109375000000e+01 2.451160621643066406e+01 1.107933902740478516e+01 1.285257911682128906e+01 2.047693634033203125e+01
7.236803436279296875e+01 2.538798713684082031e+01 1.108176994323730469e+01 1.238950824737548828e+01 1.941573715209960938e+01
6.681295013427734375e+01 2.858286476135253906e+01 1.252493190765380859e+01 1.316938114166259766e+01 1.664943122863769531e+01
6.585720062255859375e+01 2.909914970397949219e+01 1.436727523803710938e+01 1.349309635162353516e+01 1.544945526123046875e+01
6.610877990722656250e+01 3.046202468872070312e+01 1.515515518188476562e+01 1.362304592132568359e+01 1.527756690979003906e+01
6.426416778564453125e+01 3.177947425842285156e+01 1.743429374694824219e+01 1.443243789672851562e+01 1.412247467041015625e+01
6.232654190063476562e+01 3.343990707397460938e+01 1.817676734924316406e+01 1.344508552551269531e+01 1.313280963897705078e+01
6.399908828735351562e+01 3.400519561767578125e+01 1.940035820007324219e+01 1.474104881286621094e+01 1.311301231384277344e+01
6.554443359375000000e+01 3.465052032470703125e+01 1.956999778747558594e+01 1.450906848907470703e+01 1.313579654693603516e+01
6.256441879272460938e+01 3.491282272338867188e+01 1.955601692199707031e+01 1.126322650909423828e+01 1.356717014312744141e+01
6.342200851440429688e+01 3.454050445556640625e+01 2.169520950317382812e+01 1.579402637481689453e+01 1.393498992919921875e+01
6.172307205200195312e+01 3.605832290649414062e+01 2.202000999450683594e+01 1.564024257659912109e+01 1.419466209411621094e+01
5.297089767456054688e+01 3.343457031250000000e+01 2.015039443969726562e+01 1.168565273284912109e+01 1.180971431732177734e+01
5.526371002197265625e+01 3.104687690734863281e+01 2.057591438293457031e+01 1.401193141937255859e+01 1.231403923034667969e+01
5.380909729003906250e+01 3.129820823669433594e+01 2.018295288085937500e+01 1.363553428649902344e+01 1.057462692260742188e+01
4.971883392333984375e+01 2.763407707214355469e+01 1.794664192199707031e+01 1.047214221954345703e+01 1.075552463531494141e+01
4.981898117065429688e+01 2.636310195922851562e+01 1.740354728698730469e+01 1.137838172912597656e+01 1.130253028869628906e+01
5.005642700195312500e+01 2.489693260192871094e+01 1.606891632080078125e+01 9.369679450988769531e+00 9.430677413940429688e+00
5.461067199707031250e+01 2.206132698059082031e+01 1.343477535247802734e+01 1.100969123840332031e+01 1.601290702819824219e+01
5.633581161499023438e+01 2.284490585327148438e+01 1.383912563323974609e+01 1.061085605621337891e+01 1.731683158874511719e+01
5.724797821044921875e+01 2.235056686401367188e+01 1.319436645507812500e+01 1.090517807006835938e+01 1.882994079589843750e+01
5.849283218383789062e+01 1.980839157104492188e+01 1.239315032958984375e+01 1.182032871246337891e+01 1.879887008666992188e+01
6.046807861328125000e+01 1.955762863159179688e+01 1.198836708068847656e+01 1.218267917633056641e+01 1.874732971191406250e+01
6.001091384887695312e+01 1.955945777893066406e+01 1.231110477447509766e+01 1.211948966979980469e+01 1.981046867370605469e+01
5.584114837646484375e+01 1.899913215637207031e+01 1.141859340667724609e+01 1.175916957855224609e+01 1.920568084716796875e+01
5.486654281616210938e+01 1.954564666748046875e+01 1.137262248992919922e+01 1.130446624755859375e+01 1.936108589172363281e+01
5.224189376831054688e+01 2.019870567321777344e+01 1.170178985595703125e+01 1.038090229034423828e+01 1.869175148010253906e+01
5.026521301269531250e+01 1.970763969421386719e+01 1.223149967193603516e+01 1.155962753295898438e+01 1.970635986328125000e+01
4.931858062744140625e+01 2.102697753906250000e+01 1.232761955261230469e+01 1.023553943634033203e+01 1.889597702026367188e+01
4.857000350952148438e+01 2.103906440734863281e+01 1.217425060272216797e+01 1.025700092315673828e+01 1.900386810302734375e+01
4.832180023193359375e+01 2.073576354980468750e+01 1.175072574615478516e+01 9.357220649719238281e+00 1.967315483093261719e+01
5.169253921508789062e+01 2.155479240417480469e+01 1.197389125823974609e+01 9.509881019592285156e+00 1.892031669616699219e+01
5.209442901611328125e+01 2.103420448303222656e+01 1.182699489593505859e+01 1.013775348663330078e+01 1.963874626159667969e+01
5.014120483398437500e+01 1.970067596435546875e+01 1.161373901367187500e+01 9.013347625732421875e+00 1.843278312683105469e+01
5.057693862915039062e+01 1.967499732971191406e+01 1.107168483734130859e+01 8.902817726135253906e+00 1.944052886962890625e+01
4.915478134155273438e+01 1.946467018127441406e+01 1.106521224975585938e+01 8.288005828857421875e+00 1.841991424560546875e+01
4.444775390625000000e+01 1.906802749633789062e+01 1.152450084686279297e+01 7.618316173553466797e+00 1.574850845336914062e+01
4.479390716552734375e+01 1.843915748596191406e+01 1.145167350769042969e+01 7.449333667755126953e+00 1.582492160797119141e+01
4.393758392333984375e+01 1.889654922485351562e+01 1.136152076721191406e+01 5.987419605255126953e+00 1.492052364349365234e+01
3.932772827148437500e+01 1.899982070922851562e+01 1.408016872406005859e+01 9.612787246704101562e+00 1.420111083984375000e+01
3.969416809082031250e+01 1.898531150817871094e+01 1.403255844116210938e+01 1.032557487487792969e+01 1.578031063079833984e+01
4.131293869018554688e+01 2.006953239440917969e+01 1.557104110717773438e+01 1.177102279663085938e+01 1.930904197692871094e+01
4.077064514160156250e+01 3.111452674865722656e+01 2.590889358520507812e+01 2.715415000915527344e+01 3.692752838134765625e+01
4.280025863647460938e+01 3.238798141479492188e+01 2.630264854431152344e+01 2.539561462402343750e+01 3.347565078735351562e+01
4.490096664428710938e+01 3.407338714599609375e+01 2.834159851074218750e+01 2.686778068542480469e+01 3.508834457397460938e+01
4.628046035766601562e+01 3.517159271240234375e+01 2.754834365844726562e+01 2.493196487426757812e+01 3.433366012573242188e+01
4.360943984985351562e+01 3.767008209228515625e+01 3.187845611572265625e+01 2.861028480529785156e+01 3.740822982788085938e+01
4.570512390136718750e+01 3.886223220825195312e+01 3.052648353576660156e+01 2.952355957031250000e+01 3.914616394042968750e+01
3.209236526489257812e+01 5.352001190185546875e+01 4.077327346801757812e+01 4.494110488891601562e+01 5.054206848144531250e+01
3.278124237060546875e+01 5.243383789062500000e+01 4.121808624267578125e+01 4.570212554931640625e+01 4.931666946411132812e+01
3.011294174194335938e+01 5.775527191162109375e+01 4.524404144287109375e+01 4.691414642333984375e+01 5.212447738647460938e+01
2.952976417541503906e+01 6.186820983886718750e+01 5.083068084716796875e+01 4.979261016845703125e+01 5.749493789672851562e+01
2.085020065307617188e+01 8.712882232666015625e+01 6.663355255126953125e+01 7.463677978515625000e+01 7.500756835937500000e+01
2.097858238220214844e+01 8.655455017089843750e+01 7.960346984863281250e+01 6.486170959472656250e+01 6.423498535156250000e+01
3.455513000488281250e+01 6.631236267089843750e+01 6.144005203247070312e+01 6.658898162841796875e+01 6.324301147460937500e+01
3.026380538940429688e+01 9.203793334960937500e+01 7.275016784667968750e+01 7.431806182861328125e+01 8.020405578613281250e+01
2.817356681823730469e+01 8.985044860839843750e+01 8.297776031494140625e+01 8.188054656982421875e+01 7.317239379882812500e+01
3.534258270263671875e+01 8.253069305419921875e+01 6.288463211059570312e+01 7.198180389404296875e+01 8.307507324218750000e+01
2.924892425537109375e+01 5.662044525146484375e+01 4.750825119018554688e+01 4.536965942382812500e+01 4.851434707641601562e+01
2.851175498962402344e+01 6.009075927734375000e+01 4.380556869506835938e+01 3.294768142700195312e+01 3.796754074096679688e+01
3.103364753723144531e+01 5.920293045043945312e+01 4.431457138061523438e+01 2.957017898559570312e+01 3.110488319396972656e+01
2.628461837768554688e+01 6.174922943115234375e+01 3.902287292480468750e+01 3.523471069335937500e+01 4.462697601318359375e+01
2.545109748840332031e+01 6.373517608642578125e+01 3.845462417602539062e+01 3.680298614501953125e+01 4.406830978393554688e+01
2.833232498168945312e+01 6.347047424316406250e+01 4.080733489990234375e+01 4.349470901489257812e+01 4.901357650756835938e+01
3.440819931030273438e+01 4.336066436767578125e+01 2.341681861877441406e+01 2.241553497314453125e+01 3.802916336059570312e+01
3.711271286010742188e+01 3.857866287231445312e+01 1.914171981811523438e+01 2.302649688720703125e+01 4.084115600585937500e+01
4.239411926269531250e+01 3.541930007934570312e+01 4.665604400634765625e+01 1.539691467285156250e+02 1.506656341552734375e+02
4.586798095703125000e+01 3.660636901855468750e+01 4.062936401367187500e+01 1.317834777832031250e+02 1.834413909912109375e+02
5.017569351196289062e+01 3.730617904663085938e+01 1.492662658691406250e+02 2.250997161865234375e+02 2.056407318115234375e+02
4.945345306396484375e+01 3.502138137817382812e+01 4.228224182128906250e+01 4.284890365600585938e+01 5.273040008544921875e+01
5.622076416015625000e+01 3.581774902343750000e+01 4.426365280151367188e+01 5.895357513427734375e+01 6.204535675048828125e+01
6.010134887695312500e+01 3.658974838256835938e+01 5.578368759155273438e+01 8.707073211669921875e+01 9.120445251464843750e+01
6.122768402099609375e+01 3.997662734985351562e+01 1.708132171630859375e+02 2.716412048339843750e+02 2.031131286621093750e+02
5.743906402587890625e+01 3.821658706665039062e+01 3.261083984375000000e+01 2.240092849731445312e+01 3.496277999877929688e+01
5.740036773681640625e+01 3.459524917602539062e+01 2.481594467163085938e+01 1.698262786865234375e+01 3.017671203613281250e+01
5.451231765747070312e+01 3.169341850280761719e+01 2.012237930297851562e+01 1.765421676635742188e+01 3.220412063598632812e+01
4.264698028564453125e+01 3.562541198730468750e+01 1.539757061004638672e+01 1.681137084960937500e+01 3.522033309936523438e+01
4.776655960083007812e+01 3.798613357543945312e+01 1.979638862609863281e+01 1.110283565521240234e+01 3.470610809326171875e+01
6.771393585205078125e+01 5.048148345947265625e+01 2.281250953674316406e+01 3.201075363159179688e+01 5.747435379028320312e+01
4.038764953613281250e+01 4.493462371826171875e+01 2.300849914550781250e+01 1.205222225189208984e+01 3.385105133056640625e+01
3.812456512451171875e+01 4.497912597656250000e+01 2.398044776916503906e+01 1.573190784454345703e+01 3.231254577636718750e+01
3.764284896850585938e+01 4.312503814697265625e+01 2.228303146362304688e+01 1.566794681549072266e+01 3.456731796264648438e+01
3.567268371582031250e+01 4.426242446899414062e+01 2.520170783996582031e+01 1.471239662170410156e+01 3.311088943481445312e+01
3.862592697143554688e+01 4.237202835083007812e+01 2.157218360900878906e+01 1.452188587188720703e+01 3.714559173583984375e+01
3.743596649169921875e+01 4.081797027587890625e+01 2.017699050903320312e+01 1.356304931640625000e+01 3.838868331909179688e+01
4.023719024658203125e+01 4.109727859497070312e+01 1.984892082214355469e+01 1.118032836914062500e+01 3.664108276367187500e+01
4.034340286254882812e+01 3.987450408935546875e+01 1.983257293701171875e+01 1.030313110351562500e+01 3.477407455444335938e+01
3.913880920410156250e+01 3.970865249633789062e+01 1.962315940856933594e+01 1.065803623199462891e+01 3.557942962646484375e+01
3.715786361694335938e+01 4.187599563598632812e+01 2.067772293090820312e+01 1.064928340911865234e+01 3.423184967041015625e+01
3.718045425415039062e+01 4.134138870239257812e+01 2.077194595336914062e+01 1.060436725616455078e+01 3.390061569213867188e+01
3.736351013183593750e+01 4.101100921630859375e+01 2.056344413757324219e+01 1.023853778839111328e+01 3.342269897460937500e+01
3.304821777343750000e+01 4.155621719360351562e+01 2.068500518798828125e+01 1.103385066986083984e+01 3.458853912353515625e+01
3.269590377807617188e+01 4.216187286376953125e+01 2.197101974487304688e+01 1.125571537017822266e+01 3.506620025634765625e+01
3.161717414855957031e+01 4.357917404174804688e+01 2.294753456115722656e+01 1.306323432922363281e+01 3.612511062622070312e+01
2.861094665527343750e+01 4.517995452880859375e+01 2.469158172607421875e+01 2.428357124328613281e+01 4.413524627685546875e+01
2.816790008544921875e+01 4.791987228393554688e+01 2.734653472900390625e+01 2.553494071960449219e+01 4.023497390747070312e+01
2.971995735168457031e+01 4.855905151367187500e+01 3.148293304443359375e+01 2.765023612976074219e+01 3.987222671508789062e+01
3.133752059936523438e+01 5.375648880004882812e+01 3.648849487304687500e+01 3.359328842163085938e+01 4.533388519287109375e+01
2.724294090270996094e+01 5.200090408325195312e+01 3.216929244995117188e+01 2.787354087829589844e+01 4.210572433471679688e+01
2.830598449707031250e+01 5.152859115600585938e+01 3.330964660644531250e+01 3.107378959655761719e+01 4.505904006958007812e+01
2.786760902404785156e+01 5.014548110961914062e+01 3.531594085693359375e+01 3.594407653808593750e+01 4.907382583618164062e+01
2.703536033630371094e+01 5.129042434692382812e+01 3.464311981201171875e+01 4.097441101074218750e+01 4.950556564331054688e+01
2.883970832824707031e+01 5.096559906005859375e+01 3.654549026489257812e+01 4.387638473510742188e+01 5.256076812744140625e+01
3.889477539062500000e+01 5.101428222656250000e+01 3.849873733520507812e+01 4.082745361328125000e+01 4.710910034179687500e+01
3.747195053100585938e+01 5.659126663208007812e+01 3.898855972290039062e+01 4.524076461791992188e+01 4.757673263549804688e+01
3.934591293334960938e+01 5.509474182128906250e+01 3.861342620849609375e+01 4.628662109375000000e+01 4.908612823486328125e+01
4.349309921264648438e+01 5.869859313964843750e+01 3.993017959594726562e+01 4.364397811889648438e+01 4.686521530151367188e+01
4.309687042236328125e+01 5.327774047851562500e+01 4.298107528686523438e+01 4.844905471801757812e+01 5.216814804077148438e+01
4.286359405517578125e+01 5.279210281372070312e+01 4.016643905639648438e+01 4.481586456298828125e+01 4.961096572875976562e+01
4.471233749389648438e+01 5.476014328002929688e+01 4.202887344360351562e+01 4.506239700317382812e+01 5.011397552490234375e+01
4.204521942138671875e+01 5.893271636962890625e+01 4.517761993408203125e+01 4.634609222412109375e+01 5.349431610107421875e+01
3.823274993896484375e+01 5.648937988281250000e+01 4.268631362915039062e+01 4.494998550415039062e+01 5.189893722534179688e+01
3.728979110717773438e+01 5.694277191162109375e+01 4.437232208251953125e+01 4.424230957031250000e+01 5.170804977416992188e+01
3.502451705932617188e+01 5.927588272094726562e+01 4.099390411376953125e+01 4.208945846557617188e+01 5.073397064208984375e+01
3.710184097290039062e+01 5.875578308105468750e+01 4.112779235839843750e+01 4.108876419067382812e+01 5.165341949462890625e+01
4.089781570434570312e+01 5.316894912719726562e+01 3.585850143432617188e+01 3.619482421875000000e+01 4.669857406616210938e+01
4.502118682861328125e+01 4.989876174926757812e+01 3.179381370544433594e+01 3.162263298034667969e+01 4.476313018798828125e+01
4.414730834960937500e+01 4.553787612915039062e+01 2.870312500000000000e+01 2.566234016418457031e+01 3.948492813110351562e+01
5.279142379760742188e+01 4.373116683959960938e+01 2.630684280395507812e+01 2.597721481323242188e+01 4.126611709594726562e+01
5.633215332031250000e+01 4.075384521484375000e+01 2.164682769775390625e+01 2.464009475708007812e+01 4.790826034545898438e+01
5.851581192016601562e+01 4.348273849487304688e+01 2.307051467895507812e+01 1.941942214965820312e+01 4.440634155273437500e+01
6.077293777465820312e+01 3.846905517578125000e+01 1.960820770263671875e+01 1.457991409301757812e+01 4.152956390380859375e+01
5.999790954589843750e+01 3.888500213623046875e+01 1.771803855895996094e+01 1.312788963317871094e+01 3.508978271484375000e+01
6.150312805175781250e+01 3.902426910400390625e+01 1.776167297363281250e+01 1.064626693725585938e+01 3.166796302795410156e+01
6.333148574829101562e+01 3.883403778076171875e+01 1.756966209411621094e+01 1.058148479461669922e+01 3.079768371582031250e+01
6.638124084472656250e+01 3.797494888305664062e+01 1.617206954956054688e+01 1.215022754669189453e+01 3.244515609741210938e+01
6.826663970947265625e+01 3.832128143310546875e+01 1.663285064697265625e+01 1.109991168975830078e+01 3.121956062316894531e+01
6.733485412597656250e+01 3.893305206298828125e+01 1.651338958740234375e+01 1.153316497802734375e+01 3.210158920288085938e+01
6.310649490356445312e+01 3.837976074218750000e+01 1.622175979614257812e+01 1.178875923156738281e+01 3.246925354003906250e+01
6.754135894775390625e+01 3.858766937255859375e+01 1.683591842651367188e+01 1.013519191741943359e+01 3.228952407836914062e+01
6.752533721923828125e+01 3.828923797607421875e+01 1.696109771728515625e+01 1.010930919647216797e+01 3.105084228515625000e+01
6.568751525878906250e+01 3.885968017578125000e+01 1.743903541564941406e+01 9.689546585083007812e+00 3.005571556091308594e+01
6.536660766601562500e+01 3.966143798828125000e+01 1.860143852233886719e+01 5.940732955932617188e+00 2.748140525817871094e+01
6.331975555419921875e+01 3.896902084350585938e+01 1.925320243835449219e+01 4.838491439819335938e+00 2.555207633972167969e+01
5.588835906982421875e+01 3.294554519653320312e+01 1.714693450927734375e+01 6.785808086395263672e+00 2.283697891235351562e+01
5.771504211425781250e+01 3.220787048339843750e+01 1.765629959106445312e+01 7.418367862701416016e+00 2.085140800476074219e+01
5.597474670410156250e+01 3.126332473754882812e+01 1.744837570190429688e+01 7.449538707733154297e+00 1.987986755371093750e+01
5.651529312133789062e+01 3.051427078247070312e+01 1.722198486328125000e+01 7.968185901641845703e+00 1.964393997192382812e+01
5.892818832397460938e+01 3.014247322082519531e+01 1.719709968566894531e+01 9.000638961791992188e+00 1.897177505493164062e+01
5.653350448608398438e+01 3.052939796447753906e+01 1.800523185729980469e+01 8.369203567504882812e+00 1.892139816284179688e+01
5.601616287231445312e+01 3.003841590881347656e+01 1.738487815856933594e+01 8.329617500305175781e+00 1.803649139404296875e+01
5.492967224121093750e+01 3.021443367004394531e+01 1.794119262695312500e+01 8.525741577148437500e+00 1.833531188964843750e+01
5.442182922363281250e+01 3.135615730285644531e+01 1.832181930541992188e+01 9.224967956542968750e+00 1.805108261108398438e+01
5.158905792236328125e+01 3.290306091308593750e+01 1.992504310607910156e+01 1.256971740722656250e+01 1.876492881774902344e+01
5.580135345458984375e+01 4.504850387573242188e+01 2.635457611083984375e+01 1.802819442749023438e+01 2.101587867736816406e+01
5.317537307739257812e+01 4.101465606689453125e+01 2.420749473571777344e+01 1.693540000915527344e+01 2.422829818725585938e+01
5.763419342041015625e+01 4.400280761718750000e+01 2.551126480102539062e+01 1.667045783996582031e+01 2.886606216430664062e+01
5.802418136596679688e+01 4.296130371093750000e+01 2.596092224121093750e+01 1.850840568542480469e+01 3.390963745117187500e+01
6.032746124267578125e+01 4.465588760375976562e+01 2.715592956542968750e+01 1.941326713562011719e+01 3.535032653808593750e+01
5.791880798339843750e+01 4.342558288574218750e+01 3.009620285034179688e+01 1.968453216552734375e+01 3.267499923706054688e+01
5.417743682861328125e+01 4.088176345825195312e+01 2.575788307189941406e+01 2.097962188720703125e+01 3.895289230346679688e+01
5.752117156982421875e+01 4.554162597656250000e+01 3.019723320007324219e+01 2.351387023925781250e+01 3.758147430419921875e+01
5.835305023193359375e+01 5.305542755126953125e+01 3.682333755493164062e+01 2.474724388122558594e+01 3.445191955566406250e+01
5.737694168090820312e+01 4.770982742309570312e+01 3.139685249328613281e+01 2.486954498291015625e+01 3.851774978637695312e+01
5.658144378662109375e+01 4.386766433715820312e+01 3.137323951721191406e+01 2.459607887268066406e+01 3.648246383666992188e+01
5.632240295410156250e+01 4.170221328735351562e+01 3.143061828613281250e+01 2.427365303039550781e+01 3.561336898803710938e+01
5.214194869995117188e+01 4.076942825317382812e+01 3.018920326232910156e+01 2.242932701110839844e+01 3.633790969848632812e+01
4.986030197143554688e+01 3.966130447387695312e+01 2.886171531677246094e+01 2.515180587768554688e+01 3.958122253417968750e+01
4.836947250366210938e+01 2.883815956115722656e+01 2.187643623352050781e+01 1.972279930114746094e+01 3.599671554565429688e+01
4.691804122924804688e+01 2.853409194946289062e+01 1.949413681030273438e+01 1.506935310363769531e+01 2.877807235717773438e+01
4.759788513183593750e+01 2.868901634216308594e+01 1.963471031188964844e+01 1.498962974548339844e+01 2.524859619140625000e+01
4.504886627197265625e+01 2.872796630859375000e+01 1.996484565734863281e+01 1.334947681427001953e+01 2.127661132812500000e+01
4.338366317749023438e+01 2.765118789672851562e+01 1.788039398193359375e+01 1.286651515960693359e+01 1.923891067504882812e+01
4.642665481567382812e+01 2.801712989807128906e+01 1.893289184570312500e+01 1.148508262634277344e+01 1.758748817443847656e+01
4.549330520629882812e+01 2.678120613098144531e+01 1.889420700073242188e+01 1.181175708770751953e+01 1.752499389648437500e+01
4.158595275878906250e+01 2.607695007324218750e+01 1.996348571777343750e+01 1.413470935821533203e+01 1.961092376708984375e+01
4.226583099365234375e+01 2.426716995239257812e+01 2.028836441040039062e+01 1.517428398132324219e+01 2.084883880615234375e+01
4.048346710205078125e+01 2.400712585449218750e+01 1.961123657226562500e+01 1.559978485107421875e+01 2.206123161315917969e+01
4.370813751220703125e+01 2.831634330749511719e+01 2.464204025268554688e+01 2.327897071838378906e+01 2.643147277832031250e+01
4.578068542480468750e+01 2.617824172973632812e+01 2.347606468200683594e+01 2.525556564331054688e+01 3.195256423950195312e+01
4.476327514648437500e+01 2.551267242431640625e+01 2.227112960815429688e+01 2.727944946289062500e+01 3.620590209960937500e+01
4.447113800048828125e+01 2.378184509277343750e+01 2.168535804748535156e+01 2.699278450012207031e+01 4.423843002319335938e+01
4.792581558227539062e+01 1.991087532043457031e+01 1.939881134033203125e+01 2.545303535461425781e+01 5.003226470947265625e+01
4.451141738891601562e+01 2.100263595581054688e+01 1.984649085998535156e+01 2.492133522033691406e+01 5.481433868408203125e+01
4.236474990844726562e+01 2.128656959533691406e+01 1.952742195129394531e+01 2.130435562133789062e+01 5.485708999633789062e+01
4.181676864624023438e+01 2.434034156799316406e+01 2.691852378845214844e+01 3.261482620239257812e+01 4.605224990844726562e+01
3.630963134765625000e+01 2.421768760681152344e+01 2.702232742309570312e+01 3.110659599304199219e+01 4.557509231567382812e+01
3.339354705810546875e+01 2.584556961059570312e+01 3.088328170776367188e+01 3.703899002075195312e+01 4.933459472656250000e+01
3.429987716674804688e+01 3.711505126953125000e+01 3.573221206665039062e+01 3.400106048583984375e+01 4.600812149047851562e+01
3.251170349121093750e+01 3.642643356323242188e+01 3.314624786376953125e+01 2.818004608154296875e+01 4.298764801025390625e+01
3.271748352050781250e+01 3.332975006103515625e+01 3.237782287597656250e+01 2.756906700134277344e+01 4.236143112182617188e+01
3.418158340454101562e+01 3.065197372436523438e+01 3.172867202758789062e+01 2.820057487487792969e+01 4.133640289306640625e+01
3.382604217529296875e+01 3.124214363098144531e+01 3.223482513427734375e+01 2.756151390075683594e+01 4.161393737792968750e+01
3.600130081176757812e+01 3.072624206542968750e+01 3.058034324645996094e+01 2.402797126770019531e+01 3.883549118041992188e+01
3.272479248046875000e+01 3.211133575439453125e+01 3.112313270568847656e+01 2.540790939331054688e+01 4.037244796752929688e+01
3.184183502197265625e+01 3.615170669555664062e+01 3.222275161743164062e+01 2.429349708557128906e+01 4.309101486206054688e+01
3.129458045959472656e+01 4.617287063598632812e+01 3.471112442016601562e+01 2.560713958740234375e+01 4.706311035156250000e+01
3.668387222290039062e+01 4.442595291137695312e+01 3.424856948852539062e+01 2.628849220275878906e+01 4.049085617065429688e+01
3.371789550781250000e+01 4.442256546020507812e+01 3.424798583984375000e+01 2.765708351135253906e+01 4.185240936279296875e+01
3.406642150878906250e+01 4.444826889038085938e+01 3.422966003417968750e+01 2.823432731628417969e+01 4.141117858886718750e+01
3.605105209350585938e+01 4.124274826049804688e+01 3.199090385437011719e+01 2.792792129516601562e+01 3.678849792480468750e+01
4.009936141967773438e+01 4.230846023559570312e+01 3.126119232177734375e+01 2.735814476013183594e+01 3.805504989624023438e+01
4.116910552978515625e+01 4.440158843994140625e+01 3.555067825317382812e+01 2.732561302185058594e+01 3.549335098266601562e+01
3.430982971191406250e+01 4.551052093505859375e+01 3.299962234497070312e+01 3.009097099304199219e+01 4.019717025756835938e+01
2.896933364868164062e+01 4.018404769897460938e+01 3.151260566711425781e+01 2.833153724670410156e+01 4.183105468750000000e+01
2.528457832336425781e+01 2.723689842224121094e+01 3.049311256408691406e+01 2.857999420166015625e+01 4.339250564575195312e+01
3.317627716064453125e+01 1.725765419006347656e+01 3.072787284851074219e+01 3.307223892211914062e+01 5.463248062133789062e+01
3.316025924682617188e+01 1.737234306335449219e+01 3.250394058227539062e+01 3.410187530517578125e+01 5.698240661621093750e+01
3.379771804809570312e+01 1.657384109497070312e+01 3.229019546508789062e+01 3.283216857910156250e+01 5.809245681762695312e+01
3.227496337890625000e+01 3.037127494812011719e+01 3.394524002075195312e+01 2.437188148498535156e+01 4.760898971557617188e+01
2.886936569213867188e+01 4.140605545043945312e+01 3.223343658447265625e+01 2.398556709289550781e+01 4.314275741577148438e+01
2.917857170104980469e+01 4.770477294921875000e+01 3.459572982788085938e+01 2.572846412658691406e+01 3.795875930786132812e+01
2.794996643066406250e+01 4.340958786010742188e+01 3.128468132019042969e+01 2.242234992980957031e+01 3.920274353027343750e+01
2.861441040039062500e+01 3.823518371582031250e+01 3.197406005859375000e+01 2.356430625915527344e+01 4.334183883666992188e+01
3.008853912353515625e+01 2.957035064697265625e+01 3.132020378112792969e+01 2.733845138549804688e+01 4.701567459106445312e+01
3.456307220458984375e+01 2.091272735595703125e+01 3.394397354125976562e+01 3.318572235107421875e+01 5.468911361694335938e+01
3.159959220886230469e+01 2.281487083435058594e+01 3.535285186767578125e+01 2.892573165893554688e+01 5.231172943115234375e+01
2.904992675781250000e+01 4.874061965942382812e+01 3.740812683105468750e+01 2.754069328308105469e+01 4.046982192993164062e+01
2.981287956237792969e+01 4.785887527465820312e+01 3.495711135864257812e+01 2.704505157470703125e+01 3.731942367553710938e+01
3.056370162963867188e+01 4.634361648559570312e+01 3.380004882812500000e+01 2.739650344848632812e+01 3.856171417236328125e+01
2.938882255554199219e+01 2.378596878051757812e+01 3.348276519775390625e+01 2.652744483947753906e+01 4.550604629516601562e+01
2.775338363647460938e+01 2.492515945434570312e+01 3.639665603637695312e+01 3.110784721374511719e+01 5.023407363891601562e+01
3.165297698974609375e+01 4.659868621826171875e+01 3.553634262084960938e+01 2.754580116271972656e+01 4.978802108764648438e+01
3.364244842529296875e+01 4.752007675170898438e+01 3.602999496459960938e+01 2.780141067504882812e+01 4.328445434570312500e+01
3.410312652587890625e+01 4.682538986206054688e+01 3.480121994018554688e+01 2.754372787475585938e+01 4.035236358642578125e+01
2.894488906860351562e+01 3.227473068237304688e+01 2.840788269042968750e+01 2.315125465393066406e+01 3.729529190063476562e+01
3.132304573059082031e+01 3.596659851074218750e+01 2.783450508117675781e+01 2.324883842468261719e+01 3.645563888549804688e+01
3.300902938842773438e+01 4.092234802246093750e+01 2.736450004577636719e+01 2.381377792358398438e+01 3.706277847290039062e+01
3.655254364013671875e+01 4.305984115600585938e+01 2.995400619506835938e+01 2.741385269165039062e+01 4.022037887573242188e+01
4.085731506347656250e+01 7.231761932373046875e+01 4.837043762207031250e+01 4.550666046142578125e+01 5.261282348632812500e+01
4.431483840942382812e+01 7.477622985839843750e+01 5.094883346557617188e+01 4.531081008911132812e+01 5.209677505493164062e+01
4.392938232421875000e+01 7.262196350097656250e+01 5.087134552001953125e+01 4.449831008911132812e+01 5.262862014770507812e+01
4.289416885375976562e+01 3.733679199218750000e+01 2.522417449951171875e+01 2.252676582336425781e+01 4.000638580322265625e+01
3.806022644042968750e+01 2.889576530456542969e+01 2.128940391540527344e+01 1.953553199768066406e+01 3.462096405029296875e+01
4.461202621459960938e+01 2.315190124511718750e+01 1.451863288879394531e+01 1.029170417785644531e+01 2.555412673950195312e+01
4.293514251708984375e+01 2.821791076660156250e+01 1.962202072143554688e+01 1.530439567565917969e+01 2.752584075927734375e+01
3.804075622558593750e+01 3.749147415161132812e+01 2.939492607116699219e+01 2.722071456909179688e+01 3.573208618164062500e+01
3.557347488403320312e+01 3.844002914428710938e+01 3.416432189941406250e+01 2.897715568542480469e+01 3.579806137084960938e+01
3.576810455322265625e+01 2.433997535705566406e+01 1.706272125244140625e+01 1.129542636871337891e+01 2.328727149963378906e+01
3.528010177612304688e+01 2.746493530273437500e+01 2.143369102478027344e+01 1.558173179626464844e+01 2.540415954589843750e+01
4.085507583618164062e+01 3.865950775146484375e+01 2.914031982421875000e+01 2.523655891418457031e+01 3.201092529296875000e+01
3.997035217285156250e+01 3.597110748291015625e+01 2.719157028198242188e+01 2.430636978149414062e+01 3.406055450439453125e+01
4.027919387817382812e+01 5.003492736816406250e+01 3.800539016723632812e+01 3.453312683105468750e+01 4.212406158447265625e+01
4.096284866333007812e+01 4.698649597167968750e+01 3.474523162841796875e+01 2.860501289367675781e+01 3.596267318725585938e+01
3.914846420288085938e+01 4.360774612426757812e+01 3.274552154541015625e+01 3.060070610046386719e+01 3.978772354125976562e+01
3.695874023437500000e+01 4.432042312622070312e+01 3.560540390014648438e+01 3.302901458740234375e+01 4.084879684448242188e+01
3.616743087768554688e+01 4.471214294433593750e+01 3.296234893798828125e+01 3.341091918945312500e+01 4.316640090942382812e+01
4.135253906250000000e+01 5.730475997924804688e+01 4.222475814819335938e+01 3.244115829467773438e+01 4.138191604614257812e+01
4.214529037475585938e+01 5.887187576293945312e+01 4.310904693603515625e+01 3.322410202026367188e+01 4.272240447998046875e+01
4.097273254394531250e+01 5.870143890380859375e+01 4.227138900756835938e+01 3.085205459594726562e+01 3.861971664428710938e+01
3.616065597534179688e+01 5.283836364746093750e+01 4.398581695556640625e+01 3.427259445190429688e+01 4.662727355957031250e+01
3.281007766723632812e+01 4.769368362426757812e+01 3.939636993408203125e+01 3.017295837402343750e+01 4.063521957397460938e+01
3.119147872924804688e+01 4.687594985961914062e+01 3.858904647827148438e+01 3.006631088256835938e+01 3.981722259521484375e+01
3.200984573364257812e+01 4.506738281250000000e+01 3.652017974853515625e+01 3.023032569885253906e+01 4.095875549316406250e+01
3.403425216674804688e+01 3.967149734497070312e+01 3.145593833923339844e+01 2.653216743469238281e+01 4.066305541992187500e+01
3.047260475158691406e+01 4.066027069091796875e+01 3.181408500671386719e+01 2.669240188598632812e+01 3.955603027343750000e+01
3.038114547729492188e+01 4.181254959106445312e+01 3.492842102050781250e+01 2.777936553955078125e+01 3.946470642089843750e+01
3.556522369384765625e+01 4.300666427612304688e+01 3.695325469970703125e+01 3.431935501098632812e+01 4.346517944335937500e+01
3.636184310913085938e+01 4.681821441650390625e+01 3.754555511474609375e+01 3.695088195800781250e+01 4.637717437744140625e+01
3.915232849121093750e+01 4.846203231811523438e+01 4.158649826049804688e+01 4.393881225585937500e+01 5.215310668945312500e+01
3.338873291015625000e+01 5.010400009155273438e+01 4.316235733032226562e+01 4.475650405883789062e+01 4.916903305053710938e+01
3.981634140014648438e+01 4.945104980468750000e+01 3.499441909790039062e+01 3.857749176025390625e+01 4.635520935058593750e+01
3.308660888671875000e+01 4.572495269775390625e+01 3.883939361572265625e+01 4.060067367553710938e+01 4.642321777343750000e+01
3.194946289062500000e+01 5.295754241943359375e+01 4.238027954101562500e+01 4.120024871826171875e+01 5.246809005737304688e+01
3.080357742309570312e+01 5.120627593994140625e+01 4.143005371093750000e+01 4.182546997070312500e+01 5.812400436401367188e+01
4.112453460693359375e+01 4.758766555786132812e+01 4.172183990478515625e+01 4.042480850219726562e+01 6.020486068725585938e+01
2.580329895019531250e+01 2.174601364135742188e+01 4.175632476806640625e+01 5.400208663940429688e+01 8.113784790039062500e+01
1.488129138946533203e+01 2.215412521362304688e+01 3.812134552001953125e+01 5.707215499877929688e+01 8.546162414550781250e+01
3.665823745727539062e+01 5.173590469360351562e+01 5.504108428955078125e+01 7.290048980712890625e+01 8.222104644775390625e+01
3.270511627197265625e+01 3.876915740966796875e+01 6.042743301391601562e+01 7.626974487304687500e+01 8.088563537597656250e+01
3.310843658447265625e+01 5.312154388427734375e+01 5.956356811523437500e+01 7.495070648193359375e+01 5.321635055541992188e+01
1.773099136352539062e+01 4.467433166503906250e+01 2.552689170837402344e+01 4.785658645629882812e+01 3.204669570922851562e+01
1.591746044158935547e+01 3.769136047363281250e+01 4.495634841918945312e+01 4.649660110473632812e+01 3.743137741088867188e+01
3.581137847900390625e+01 4.870235824584960938e+01 4.519126510620117188e+01 4.052790069580078125e+01 6.425297546386718750e+01
3.072387123107910156e+01 4.371145629882812500e+01 3.936709594726562500e+01 3.633486175537109375e+01 5.397502136230468750e+01
2.615686416625976562e+01 3.971836471557617188e+01 3.257542419433593750e+01 3.117131423950195312e+01 4.304230117797851562e+01
3.445864105224609375e+01 4.129691314697265625e+01 2.689046096801757812e+01 2.160472488403320312e+01 3.556584930419921875e+01
3.214727783203125000e+01 4.391127395629882812e+01 2.956056022644042969e+01 2.292271041870117188e+01 3.383331680297851562e+01
3.628620529174804688e+01 4.261511230468750000e+01 2.735248565673828125e+01 1.795732116699218750e+01 2.732056617736816406e+01
3.883877944946289062e+01 3.979708862304687500e+01 2.469926834106445312e+01 1.491077327728271484e+01 2.283106231689453125e+01
3.790994262695312500e+01 3.608522033691406250e+01 1.970462608337402344e+01 1.355880546569824219e+01 2.417868995666503906e+01
3.618221664428710938e+01 3.580364227294921875e+01 1.950180244445800781e+01 1.319044971466064453e+01 2.375722503662109375e+01
3.653829193115234375e+01 3.812251663208007812e+01 2.227686882019042969e+01 1.772655105590820312e+01 2.471248435974121094e+01
3.388435745239257812e+01 3.978392410278320312e+01 2.763308143615722656e+01 1.935515975952148438e+01 2.872065162658691406e+01
3.178143501281738281e+01 3.806887817382812500e+01 2.645461082458496094e+01 1.667068481445312500e+01 2.859443855285644531e+01
3.257786560058593750e+01 3.461279296875000000e+01 2.772625732421875000e+01 1.737481498718261719e+01 2.971703910827636719e+01
3.804082107543945312e+01 2.336947822570800781e+01 2.033347320556640625e+01 1.331773948669433594e+01 3.100587463378906250e+01
4.115446853637695312e+01 2.398587989807128906e+01 2.059218406677246094e+01 1.284455013275146484e+01 2.476497650146484375e+01
4.339788055419921875e+01 3.100038528442382812e+01 1.709570693969726562e+01 8.217617988586425781e+00 1.010044384002685547e+01
3.994267272949218750e+01 3.082931137084960938e+01 1.791622924804687500e+01 9.150340080261230469e+00 1.212728023529052734e+01
4.163199234008789062e+01 3.131215476989746094e+01 1.849819374084472656e+01 9.705198287963867188e+00 1.302095794677734375e+01
4.086257171630859375e+01 3.224666595458984375e+01 1.937873840332031250e+01 9.532741546630859375e+00 1.814485740661621094e+01
3.768057632446289062e+01 3.143957901000976562e+01 1.958087539672851562e+01 9.392950057983398438e+00 1.795087432861328125e+01
3.656882858276367188e+01 3.134248733520507812e+01 1.906908035278320312e+01 9.089808464050292969e+00 1.925916862487792969e+01
3.524763107299804688e+01 4.958285522460937500e+01 3.688418579101562500e+01 2.951719474792480469e+01 3.378787612915039062e+01
3.962834930419921875e+01 5.134534072875976562e+01 4.102834701538085938e+01 3.019225883483886719e+01 3.285466003417968750e+01
3.869273757934570312e+01 5.064532852172851562e+01 3.977456283569335938e+01 3.053796768188476562e+01 3.380015182495117188e+01
3.848563766479492188e+01 5.360388183593750000e+01 3.990628814697265625e+01 3.203871917724609375e+01 3.705796432495117188e+01
4.214389801025390625e+01 5.203417968750000000e+01 4.154996490478515625e+01 3.271122360229492188e+01 3.623128509521484375e+01
4.024841690063476562e+01 5.193780517578125000e+01 4.016597747802734375e+01 3.148076248168945312e+01 3.576691055297851562e+01
4.022902297973632812e+01 5.125913238525390625e+01 4.072056579589843750e+01 3.083209800720214844e+01 3.463649368286132812e+01
3.669424819946289062e+01 4.768912124633789062e+01 3.618516540527343750e+01 2.696759796142578125e+01 3.435039901733398438e+01
3.432675552368164062e+01 4.677307891845703125e+01 3.528068923950195312e+01 2.564457893371582031e+01 3.682596206665039062e+01
3.564850234985351562e+01 4.124687576293945312e+01 3.296337127685546875e+01 3.371963119506835938e+01 4.801808166503906250e+01
3.213591384887695312e+01 4.846633148193359375e+01 3.734832382202148438e+01 3.842273712158203125e+01 5.180754852294921875e+01
3.342839813232421875e+01 5.333528518676757812e+01 4.003780746459960938e+01 3.812702560424804688e+01 5.100355911254882812e+01
3.483232498168945312e+01 5.315216445922851562e+01 4.005281829833984375e+01 3.790307235717773438e+01 4.972437286376953125e+01
3.115126037597656250e+01 5.678897476196289062e+01 3.757723999023437500e+01 3.509512710571289062e+01 4.724972152709960938e+01
3.318832015991210938e+01 5.030546569824218750e+01 4.046237564086914062e+01 3.668846893310546875e+01 4.547043228149414062e+01
3.157813835144042969e+01 5.330877304077148438e+01 3.867287826538085938e+01 3.568310546875000000e+01 4.694525146484375000e+01
2.491531944274902344e+01 5.724330139160156250e+01 4.652724075317382812e+01 5.003593826293945312e+01 5.752750778198242188e+01
2.318307304382324219e+01 6.027626419067382812e+01 6.056472778320312500e+01 5.066176986694335938e+01 5.709976577758789062e+01
2.019688415527343750e+01 1.939817237854003906e+01 3.356481170654296875e+01 3.066209030151367188e+01 3.010730934143066406e+01
2.697537612915039062e+01 5.378146362304687500e+01 3.798548126220703125e+01 3.998645019531250000e+01 5.647094726562500000e+01
2.795878601074218750e+01 4.450692367553710938e+01 2.624495315551757812e+01 2.538591003417968750e+01 4.507398986816406250e+01
3.311212158203125000e+01 4.310287475585937500e+01 2.713033676147460938e+01 2.435929489135742188e+01 4.271649932861328125e+01
3.817392349243164062e+01 3.973918151855468750e+01 2.021380043029785156e+01 1.966598701477050781e+01 3.816970443725585938e+01
3.758492279052734375e+01 4.034495925903320312e+01 1.920029258728027344e+01 1.672983169555664062e+01 3.462702560424804688e+01
3.695272064208984375e+01 4.226431655883789062e+01 1.893927383422851562e+01 1.583753776550292969e+01 3.363928604125976562e+01
4.356093597412109375e+01 4.165853118896484375e+01 1.893165397644042969e+01 1.401934814453125000e+01 3.580397033691406250e+01
3.585174942016601562e+01 4.573924255371093750e+01 2.281102561950683594e+01 1.497772312164306641e+01 3.560238647460937500e+01
3.538356018066406250e+01 4.492825317382812500e+01 2.181943893432617188e+01 1.370717430114746094e+01 3.446505355834960938e+01
3.973857116699218750e+01 4.477934646606445312e+01 2.065703010559082031e+01 1.420757102966308594e+01 3.589366531372070312e+01
3.592018508911132812e+01 4.413046264648437500e+01 2.136026573181152344e+01 1.317013168334960938e+01 3.556750488281250000e+01
3.500668716430664062e+01 4.266640853881835938e+01 1.979284095764160156e+01 1.395742893218994141e+01 3.544080352783203125e+01
3.691275024414062500e+01 4.471175765991210938e+01 2.201936912536621094e+01 1.347377872467041016e+01 3.429773330688476562e+01
3.647197723388671875e+01 4.509913253784179688e+01 2.191685485839843750e+01 1.300229167938232422e+01 3.502784729003906250e+01
3.837059783935546875e+01 4.469401550292968750e+01 2.145541763305664062e+01 1.376380729675292969e+01 3.267116928100585938e+01
3.565342712402343750e+01 4.738759231567382812e+01 2.440101623535156250e+01 1.439914035797119141e+01 3.543590164184570312e+01
3.544050598144531250e+01 4.833625030517578125e+01 2.446589088439941406e+01 1.566932392120361328e+01 3.561214065551757812e+01
3.718366622924804688e+01 4.694832992553710938e+01 2.404737472534179688e+01 1.507887363433837891e+01 3.759539794921875000e+01
3.350723266601562500e+01 5.009969711303710938e+01 2.611443519592285156e+01 1.712807083129882812e+01 3.571986007690429688e+01
3.253031921386718750e+01 5.067525482177734375e+01 2.706255531311035156e+01 1.913800811767578125e+01 3.714107131958007812e+01
3.569754028320312500e+01 5.170852279663085938e+01 2.748545455932617188e+01 1.653559494018554688e+01 3.420455932617187500e+01
3.206001663208007812e+01 5.230845260620117188e+01 2.776285934448242188e+01 1.740689468383789062e+01 3.559249496459960938e+01
3.229605102539062500e+01 5.121915435791015625e+01 2.695872116088867188e+01 1.811677169799804688e+01 3.590805816650390625e+01
3.390506744384765625e+01 5.208724594116210938e+01 2.874260902404785156e+01 1.907898712158203125e+01 3.550351333618164062e+01
2.859356880187988281e+01 5.280320358276367188e+01 2.927615547180175781e+01 1.981859970092773438e+01 3.690379333496093750e+01
3.033334922790527344e+01 5.085719680786132812e+01 2.848901176452636719e+01 1.699370193481445312e+01 3.409323120117187500e+01
3.064070701599121094e+01 5.169872665405273438e+01 2.872267341613769531e+01 1.708346176147460938e+01 3.421652984619140625e+01
2.839141464233398438e+01 5.114718627929687500e+01 2.865661430358886719e+01 1.693128395080566406e+01 3.325629425048828125e+01
2.748837471008300781e+01 5.077278137207031250e+01 2.835599708557128906e+01 1.766636466979980469e+01 3.400229263305664062e+01
2.768169403076171875e+01 5.034600448608398438e+01 2.683209228515625000e+01 1.528194046020507812e+01 3.236267852783203125e+01
2.542734909057617188e+01 5.055789947509765625e+01 2.744432830810546875e+01 1.562786006927490234e+01 3.179890441894531250e+01
2.695476531982421875e+01 4.998980712890625000e+01 2.615894889831542969e+01 1.508515548706054688e+01 3.091936683654785156e+01
2.958635139465332031e+01 5.088005065917968750e+01 2.711688041687011719e+01 1.729185485839843750e+01 3.081760978698730469e+01
3.793520355224609375e+01 5.000139617919921875e+01 2.749721717834472656e+01 1.716783142089843750e+01 3.233004379272460938e+01
3.828403091430664062e+01 4.907839202880859375e+01 2.621239089965820312e+01 1.608055305480957031e+01 3.605589675903320312e+01
3.763485717773437500e+01 4.865066528320312500e+01 2.681163024902343750e+01 1.607038307189941406e+01 3.620310592651367188e+01
3.525141906738281250e+01 5.150488281250000000e+01 2.702248382568359375e+01 1.697609519958496094e+01 3.559663009643554688e+01
3.382991790771484375e+01 4.878413391113281250e+01 2.479203033447265625e+01 1.690025520324707031e+01 3.785858535766601562e+01
2.790224075317382812e+01 5.017566680908203125e+01 2.519029808044433594e+01 1.776466560363769531e+01 4.121441268920898438e+01
3.300474548339843750e+01 4.612776184082031250e+01 2.463683891296386719e+01 1.736455154418945312e+01 4.094806671142578125e+01
3.214903259277343750e+01 4.364244079589843750e+01 2.281089210510253906e+01 1.766671752929687500e+01 4.103956222534179688e+01
3.481195831298828125e+01 4.151918411254882812e+01 2.244574356079101562e+01 1.681671714782714844e+01 4.121691131591796875e+01
3.429380416870117188e+01 3.433945846557617188e+01 1.751199150085449219e+01 1.907060432434082031e+01 3.961520767211914062e+01
3.254307174682617188e+01 3.338985061645507812e+01 1.838479232788085938e+01 1.764519882202148438e+01 4.071471023559570312e+01
1.140952873229980469e+01 1.326533203125000000e+02 1.167314682006835938e+02 1.602283782958984375e+02 2.031662445068359375e+02
1.506863212585449219e+01 1.354596099853515625e+02 1.174136886596679688e+02 1.648028106689453125e+02 2.686737670898437500e+02
4.640801620483398438e+01 1.442673645019531250e+02 1.554204254150390625e+02 1.655555725097656250e+02 1.587102508544921875e+02
6.460385131835937500e+01 1.552396240234375000e+02 1.627816925048828125e+02 1.773884735107421875e+02 1.370551147460937500e+02
6.460396575927734375e+01 1.518375854492187500e+02 1.688196563720703125e+02 1.796881256103515625e+02 1.353495788574218750e+02
6.738242340087890625e+01 1.468216400146484375e+02 1.593455657958984375e+02 1.637041015625000000e+02 9.778449249267578125e+01
7.223521423339843750e+01 1.500357360839843750e+02 1.651529541015625000e+02 1.764668121337890625e+02 9.761071014404296875e+01
7.957906341552734375e+01 1.578054656982421875e+02 1.679112701416015625e+02 1.758649291992187500e+02 1.054649734497070312e+02
8.928784942626953125e+01 1.681999816894531250e+02 1.843549652099609375e+02 1.865525207519531250e+02 1.189139862060546875e+02
8.042386627197265625e+01 1.707646331787109375e+02 1.777764739990234375e+02 1.831488494873046875e+02 1.209479598999023438e+02
8.005771636962890625e+01 1.685978088378906250e+02 1.736710357666015625e+02 1.809326171875000000e+02 1.092133483886718750e+02
6.779525756835937500e+01 1.820012054443359375e+02 1.985236816406250000e+02 1.964170837402343750e+02 1.582246093750000000e+02
6.933561706542968750e+01 1.898796997070312500e+02 1.952925872802734375e+02 1.883548431396484375e+02 2.107039337158203125e+02
4.939731597900390625e+01 1.629884033203125000e+02 1.500829467773437500e+02 1.564863281250000000e+02 1.788770904541015625e+02
5.450455093383789062e+01 1.526685485839843750e+02 1.481953887939453125e+02 1.522399597167968750e+02 1.707887420654296875e+02
4.022565460205078125e+01 1.508249816894531250e+02 1.585125427246093750e+02 1.610928039550781250e+02 1.739656982421875000e+02
5.068680572509765625e+01 1.697145385742187500e+02 1.704393920898437500e+02 1.697000885009765625e+02 1.882364349365234375e+02
5.317893600463867188e+01 1.422760162353515625e+02 1.439640655517578125e+02 1.503061218261718750e+02 1.762764892578125000e+02
5.616157531738281250e+01 1.350659637451171875e+02 1.302169342041015625e+02 1.308317260742187500e+02 1.636558837890625000e+02
5.167432022094726562e+01 1.461055145263671875e+02 1.405942687988281250e+02 1.485551300048828125e+02 2.111782226562500000e+02
5.178525161743164062e+01 1.506161956787109375e+02 1.336433868408203125e+02 1.284312286376953125e+02 1.532640075683593750e+02
4.568589019775390625e+01 1.280795135498046875e+02 1.160782012939453125e+02 1.224013290405273438e+02 1.436666870117187500e+02
4.702164459228515625e+01 1.142214813232421875e+02 9.004839324951171875e+01 8.871875762939453125e+01 1.194060440063476562e+02
4.905813217163085938e+01 1.096743927001953125e+02 8.211687469482421875e+01 7.476151275634765625e+01 8.908923339843750000e+01
4.253116607666015625e+01 1.123343887329101562e+02 9.578351593017578125e+01 1.019377670288085938e+02 1.341601867675781250e+02
2.975631904602050781e+01 1.015357208251953125e+02 7.632327270507812500e+01 8.456777191162109375e+01 1.039501342773437500e+02
2.344727516174316406e+01 8.727896881103515625e+01 6.503591156005859375e+01 6.194325637817382812e+01 9.988656616210937500e+01
3.384558105468750000e+01 7.313818359375000000e+01 5.889060974121093750e+01 5.281250000000000000e+01 5.520153427124023438e+01
3.004169273376464844e+01 7.209629058837890625e+01 5.792205429077148438e+01 5.150330352783203125e+01 6.191140747070312500e+01
2.984223937988281250e+01 6.774925231933593750e+01 5.492264938354492188e+01 4.659117126464843750e+01 6.681166076660156250e+01
3.098285484313964844e+01 6.502935791015625000e+01 5.364562988281250000e+01 4.920962524414062500e+01 6.560143280029296875e+01
2.493630409240722656e+01 6.899714660644531250e+01 5.650175476074218750e+01 5.417136764526367188e+01 7.322260284423828125e+01
3.276017761230468750e+01 6.676680755615234375e+01 5.340918731689453125e+01 5.365362930297851562e+01 8.667864990234375000e+01
3.843300628662109375e+01 7.417773437500000000e+01 5.247463226318359375e+01 5.679402160644531250e+01 8.729705047607421875e+01
4.468996810913085938e+01 8.538832092285156250e+01 6.091140747070312500e+01 7.175663757324218750e+01 1.076655654907226562e+02
4.022907257080078125e+01 1.178504562377929688e+02 7.897206115722656250e+01 1.207043457031250000e+02 1.291215209960937500e+02
1.695726966857910156e+01 1.509314575195312500e+02 8.804709625244140625e+01 1.877314147949218750e+02 9.293026733398437500e+01
4.119796752929687500e+01 9.830197906494140625e+01 6.976161193847656250e+01 6.241053390502929688e+01 8.650629425048828125e+01
4.039581298828125000e+01 8.252968597412109375e+01 6.698329162597656250e+01 5.470222473144531250e+01 5.802503585815429688e+01
3.877462768554687500e+01 7.933104705810546875e+01 6.737902832031250000e+01 5.821991348266601562e+01 5.337579345703125000e+01
3.998201751708984375e+01 8.381576538085937500e+01 6.779828643798828125e+01 5.992521667480468750e+01 5.315227890014648438e+01
4.903210067749023438e+01 8.111830139160156250e+01 6.948392486572265625e+01 6.373513793945312500e+01 6.018753814697265625e+01
4.523821258544921875e+01 7.935121154785156250e+01 6.818681335449218750e+01 6.302428054809570312e+01 6.197817993164062500e+01
5.505080032348632812e+01 7.898262786865234375e+01 6.901077270507812500e+01 6.586051940917968750e+01 6.040958786010742188e+01
4.729682159423828125e+01 8.532496643066406250e+01 7.674897003173828125e+01 7.045169830322265625e+01 5.997790527343750000e+01
6.002542114257812500e+01 7.878614044189453125e+01 8.056643676757812500e+01 8.295073699951171875e+01 8.174952697753906250e+01
4.191826629638671875e+01 4.539121627807617188e+01 2.670972824096679688e+01 1.535753917694091797e+01 2.340543746948242188e+01
3.873454284667968750e+01 4.780472946166992188e+01 2.544828987121582031e+01 1.608334541320800781e+01 2.440259170532226562e+01
3.797222900390625000e+01 4.822790145874023438e+01 2.583318138122558594e+01 1.449088859558105469e+01 2.439232444763183594e+01
3.680014801025390625e+01 5.003543853759765625e+01 2.684403610229492188e+01 1.489686012268066406e+01 2.552026939392089844e+01
4.273329544067382812e+01 4.962156677246093750e+01 2.658963775634765625e+01 1.513010978698730469e+01 2.812898254394531250e+01
4.060885238647460938e+01 5.292023849487304688e+01 2.973286819458007812e+01 1.643861961364746094e+01 2.849108505249023438e+01
3.807213973999023438e+01 4.910130310058593750e+01 3.020822525024414062e+01 1.879139137268066406e+01 2.928991889953613281e+01
4.141602325439453125e+01 4.849469757080078125e+01 3.041292762756347656e+01 1.930108833312988281e+01 2.945667839050292969e+01
4.204356002807617188e+01 4.814007949829101562e+01 3.053193855285644531e+01 1.979672813415527344e+01 2.773101806640625000e+01
4.001107406616210938e+01 5.079745101928710938e+01 3.016571807861328125e+01 1.965371704101562500e+01 2.925337982177734375e+01
3.678618240356445312e+01 4.980688095092773438e+01 2.903213310241699219e+01 1.911019134521484375e+01 3.100761222839355469e+01
3.871107101440429688e+01 4.874477386474609375e+01 2.943462944030761719e+01 1.895087242126464844e+01 3.036895561218261719e+01
4.033003234863281250e+01 5.153999710083007812e+01 3.210660171508789062e+01 2.795084762573242188e+01 4.121540832519531250e+01
3.403440475463867188e+01 5.035541915893554688e+01 3.036345481872558594e+01 2.196851921081542969e+01 3.509444427490234375e+01
3.384130859375000000e+01 5.107202529907226562e+01 3.005260658264160156e+01 2.257169532775878906e+01 3.479558944702148438e+01
3.612057495117187500e+01 5.126743698120117188e+01 3.029667472839355469e+01 2.329030799865722656e+01 3.649521636962890625e+01
2.720612907409667969e+01 5.163160324096679688e+01 3.181948852539062500e+01 2.499781608581542969e+01 3.768774795532226562e+01
2.776673889160156250e+01 5.239232254028320312e+01 3.312859344482421875e+01 2.593793487548828125e+01 3.683581924438476562e+01
3.114503479003906250e+01 5.241690063476562500e+01 3.384236145019531250e+01 2.654637145996093750e+01 3.741468048095703125e+01
2.721588706970214844e+01 5.240587234497070312e+01 3.133020973205566406e+01 2.610729408264160156e+01 3.870897293090820312e+01
2.726595306396484375e+01 4.956900024414062500e+01 3.060187530517578125e+01 2.429087448120117188e+01 3.613172149658203125e+01
2.641412734985351562e+01 4.920781707763671875e+01 3.017334747314453125e+01 2.386869430541992188e+01 3.563774108886718750e+01
2.686844062805175781e+01 4.959404373168945312e+01 2.991111564636230469e+01 2.441329574584960938e+01 3.827383422851562500e+01
2.636650657653808594e+01 4.940584945678710938e+01 2.943018531799316406e+01 2.453275489807128906e+01 3.863674545288085938e+01
2.953505897521972656e+01 4.678148651123046875e+01 2.770956420898437500e+01 2.044432258605957031e+01 3.873585510253906250e+01
2.769519615173339844e+01 4.365928268432617188e+01 2.628892326354980469e+01 1.878635406494140625e+01 3.776385498046875000e+01
2.522097969055175781e+01 4.206845092773437500e+01 2.465764427185058594e+01 1.813609123229980469e+01 3.814928817749023438e+01
2.384099578857421875e+01 3.874829483032226562e+01 3.423718261718750000e+01 2.860174942016601562e+01 3.582024383544921875e+01
1.882409477233886719e+01 4.475389862060546875e+01 2.924476432800292969e+01 2.317080688476562500e+01 2.494382095336914062e+01
5.102065277099609375e+01 4.334820556640625000e+01 3.128440856933593750e+01 2.600809288024902344e+01 4.614633178710937500e+01
3.607055282592773438e+01 3.809701919555664062e+01 2.497208213806152344e+01 2.011428451538085938e+01 3.619583129882812500e+01
3.277154541015625000e+01 4.204800415039062500e+01 2.594902038574218750e+01 2.385296249389648438e+01 3.692019653320312500e+01
2.572268295288085938e+01 4.890655899047851562e+01 2.803199958801269531e+01 2.037031364440917969e+01 3.438386535644531250e+01
2.756581497192382812e+01 4.985667800903320312e+01 2.932920265197753906e+01 1.889356231689453125e+01 3.379425811767578125e+01
2.984148597717285156e+01 5.042867660522460938e+01 3.019470214843750000e+01 2.335979843139648438e+01 3.845442962646484375e+01
2.745890998840332031e+01 4.763904571533203125e+01 2.935146713256835938e+01 2.234119606018066406e+01 3.854730606079101562e+01
3.047721672058105469e+01 4.816740036010742188e+01 2.973517799377441406e+01 2.356811904907226562e+01 3.872207641601562500e+01
3.158545112609863281e+01 4.911103820800781250e+01 3.083014869689941406e+01 2.502508735656738281e+01 3.915240859985351562e+01
3.225605392456054688e+01 4.970160293579101562e+01 3.086339187622070312e+01 2.459342384338378906e+01 3.845220947265625000e+01
3.189618682861328125e+01 4.942115020751953125e+01 3.046017074584960938e+01 2.461715888977050781e+01 3.829899597167968750e+01
3.581918716430664062e+01 4.893192291259765625e+01 3.055246353149414062e+01 2.433621215820312500e+01 3.831800079345703125e+01
3.286502075195312500e+01 4.958314132690429688e+01 3.122057151794433594e+01 2.557220458984375000e+01 3.934204101562500000e+01
3.332362365722656250e+01 4.889053726196289062e+01 3.007693862915039062e+01 2.446828842163085938e+01 3.754652404785156250e+01
3.121671485900878906e+01 4.882757186889648438e+01 3.051027679443359375e+01 2.403901481628417969e+01 3.859285736083984375e+01
3.191668319702148438e+01 4.957915496826171875e+01 3.018188667297363281e+01 2.373101806640625000e+01 3.909832382202148438e+01
3.070372200012207031e+01 4.816814422607421875e+01 2.860343551635742188e+01 2.148017311096191406e+01 3.713815689086914062e+01
3.004998397827148438e+01 4.633784103393554688e+01 2.765337753295898438e+01 1.998938941955566406e+01 3.672860717773437500e+01
3.007722663879394531e+01 4.539376831054687500e+01 2.613858795166015625e+01 1.863410758972167969e+01 3.464499664306640625e+01
2.975817108154296875e+01 4.612484359741210938e+01 2.592103195190429688e+01 1.741725921630859375e+01 3.239255905151367188e+01
2.716411399841308594e+01 4.578303527832031250e+01 2.636256599426269531e+01 1.804265785217285156e+01 3.319399642944335938e+01
2.683507156372070312e+01 4.584301757812500000e+01 2.674475097656250000e+01 1.846376037597656250e+01 3.570692062377929688e+01
2.686021614074707031e+01 4.607060241699218750e+01 2.673794937133789062e+01 1.778005409240722656e+01 3.619289779663085938e+01
2.844759941101074219e+01 4.505313491821289062e+01 2.718724822998046875e+01 1.892566108703613281e+01 3.687678146362304688e+01
2.742376899719238281e+01 4.538479232788085938e+01 2.738026809692382812e+01 1.774552154541015625e+01 3.634719467163085938e+01
2.666589355468750000e+01 4.620186614990234375e+01 2.694676971435546875e+01 1.750028228759765625e+01 3.627727127075195312e+01
3.186174392700195312e+01 4.550086212158203125e+01 2.670017051696777344e+01 1.837156105041503906e+01 3.568026351928710938e+01
2.687270927429199219e+01 4.683234786987304688e+01 2.735795593261718750e+01 1.824626350402832031e+01 3.604375839233398438e+01
2.733009147644042969e+01 4.664088439941406250e+01 2.734279441833496094e+01 1.905203628540039062e+01 3.694178771972656250e+01
2.768351936340332031e+01 4.640473175048828125e+01 2.719621086120605469e+01 1.804886627197265625e+01 3.652272033691406250e+01
2.815867614746093750e+01 4.690637969970703125e+01 2.713161849975585938e+01 1.752718734741210938e+01 3.581596755981445312e+01
2.902681350708007812e+01 4.701448440551757812e+01 2.690703392028808594e+01 1.806765747070312500e+01 3.603712081909179688e+01
3.463785552978515625e+01 4.801445388793945312e+01 2.703696250915527344e+01 1.905142021179199219e+01 3.897636032104492188e+01
3.197586250305175781e+01 4.710771942138671875e+01 2.691834831237792969e+01 1.875272941589355469e+01 3.837944793701171875e+01
3.150288200378417969e+01 4.862384033203125000e+01 2.747049903869628906e+01 1.962722396850585938e+01 3.918220520019531250e+01
3.173209381103515625e+01 4.339720535278320312e+01 2.487086868286132812e+01 2.001760864257812500e+01 4.244081497192382812e+01
3.275775909423828125e+01 4.529137420654296875e+01 2.830629920959472656e+01 2.295697593688964844e+01 3.794311141967773438e+01
2.862391662597656250e+01 4.623064804077148438e+01 2.787506484985351562e+01 2.162176513671875000e+01 3.807481384277343750e+01
2.969501876831054688e+01 4.691181564331054688e+01 2.892871284484863281e+01 2.196355056762695312e+01 3.803620529174804688e+01
3.443898773193359375e+01 4.499533462524414062e+01 2.664491271972656250e+01 2.142905044555664062e+01 3.642730331420898438e+01
3.404759216308593750e+01 4.422033309936523438e+01 2.541346359252929688e+01 1.757893753051757812e+01 3.368263244628906250e+01
3.776818084716796875e+01 4.526961898803710938e+01 2.674264907836914062e+01 2.030539703369140625e+01 3.496699523925781250e+01
3.810741424560546875e+01 4.427836990356445312e+01 2.586929321289062500e+01 1.949870491027832031e+01 3.517382049560546875e+01
3.658841323852539062e+01 4.454749679565429688e+01 2.602692031860351562e+01 1.955079650878906250e+01 3.588756561279296875e+01
3.611033630371093750e+01 4.498052978515625000e+01 2.634322357177734375e+01 1.821180152893066406e+01 3.431726455688476562e+01
3.373366165161132812e+01 4.672994232177734375e+01 2.809252548217773438e+01 2.041000175476074219e+01 3.496022796630859375e+01
3.485776901245117188e+01 4.729452133178710938e+01 2.719376564025878906e+01 2.045228385925292969e+01 3.684425735473632812e+01
3.492937088012695312e+01 4.658459854125976562e+01 2.633357810974121094e+01 1.994532775878906250e+01 3.639745712280273438e+01
3.331460189819335938e+01 4.636251831054687500e+01 2.722558593750000000e+01 2.009547996520996094e+01 3.551227569580078125e+01
3.451931381225585938e+01 4.533145904541015625e+01 2.723402214050292969e+01 1.934461402893066406e+01 3.437135314941406250e+01
3.720851898193359375e+01 4.558236312866210938e+01 2.814914512634277344e+01 2.134922599792480469e+01 3.443708038330078125e+01
3.700423049926757812e+01 4.450685882568359375e+01 2.793044090270996094e+01 2.226273918151855469e+01 3.676230621337890625e+01
3.621445465087890625e+01 4.428096771240234375e+01 2.708770370483398438e+01 2.041084098815917969e+01 3.593991088867187500e+01
3.980223083496093750e+01 4.649812316894531250e+01 2.855623817443847656e+01 2.172328758239746094e+01 3.599084091186523438e+01
3.539363098144531250e+01 4.677669143676757812e+01 2.798023033142089844e+01 1.989064979553222656e+01 3.420053863525390625e+01
3.345525360107421875e+01 4.879190063476562500e+01 2.815490150451660156e+01 1.909273147583007812e+01 3.388738250732421875e+01
3.729347229003906250e+01 4.928806304931640625e+01 2.888020133972167969e+01 1.703171920776367188e+01 2.973276329040527344e+01
3.155624008178710938e+01 4.893523025512695312e+01 2.707384681701660156e+01 1.662322998046875000e+01 2.981664657592773438e+01
3.483895874023437500e+01 4.781253814697265625e+01 2.609254264831542969e+01 1.744795227050781250e+01 3.406272888183593750e+01
3.395091247558593750e+01 4.844076156616210938e+01 2.638776588439941406e+01 1.909779357910156250e+01 3.755726623535156250e+01
3.668914794921875000e+01 4.901757812500000000e+01 2.782414627075195312e+01 2.041505813598632812e+01 3.884902191162109375e+01
3.463035202026367188e+01 4.822166824340820312e+01 2.636761665344238281e+01 2.028988838195800781e+01 3.805332946777343750e+01
3.172412109375000000e+01 4.875994110107421875e+01 2.748356437683105469e+01 1.899817085266113281e+01 3.593333053588867188e+01
3.305021286010742188e+01 4.926401519775390625e+01 2.796931076049804688e+01 1.982081985473632812e+01 3.715535736083984375e+01
3.390223693847656250e+01 4.836591339111328125e+01 2.760215568542480469e+01 1.925376892089843750e+01 3.742092514038085938e+01
3.317443084716796875e+01 4.734480667114257812e+01 2.714145851135253906e+01 1.745433616638183594e+01 3.655936431884765625e+01
3.221486663818359375e+01 4.861636352539062500e+01 2.731990814208984375e+01 1.810638809204101562e+01 3.633114624023437500e+01
3.185161972045898438e+01 4.836806869506835938e+01 2.687460899353027344e+01 1.794041252136230469e+01 3.689907836914062500e+01
2.818776893615722656e+01 4.807173156738281250e+01 2.692018890380859375e+01 1.766855239868164062e+01 3.614312362670898438e+01
3.073715591430664062e+01 4.934331130981445312e+01 2.766201400756835938e+01 1.872722434997558594e+01 3.672115325927734375e+01
3.164791107177734375e+01 4.914268112182617188e+01 2.674757575988769531e+01 1.779318046569824219e+01 3.700755310058593750e+01
3.092617607116699219e+01 5.038346862792968750e+01 2.808329963684082031e+01 1.844810295104980469e+01 3.632908248901367188e+01
