7.932992553710937500e+01 7.132202911376953125e+01 7.029151916503906250e+01 6.467507171630859375e+01 7.175624847412109375e+01
6.943147277832031250e+01 7.549483489990234375e+01 7.359754943847656250e+01 6.026738739013671875e+01 6.323937988281250000e+01
6.201478195190429688e+01 8.260186767578125000e+01 8.156871032714843750e+01 6.607211303710937500e+01 6.103932189941406250e+01
6.437480926513671875e+01 8.692058563232421875e+01 8.773049163818359375e+01 7.509719085693359375e+01 6.658135223388671875e+01
7.124278259277343750e+01 8.503976440429687500e+01 9.291114044189453125e+01 8.110743713378906250e+01 6.678577423095703125e+01
7.116084289550781250e+01 8.473516082763671875e+01 9.214790344238281250e+01 7.741662597656250000e+01 6.525826263427734375e+01
6.286855316162109375e+01 8.383103179931640625e+01 9.168637847900390625e+01 7.676760101318359375e+01 6.591513824462890625e+01
5.370550537109375000e+01 8.814514923095703125e+01 9.528765869140625000e+01 8.244920349121093750e+01 7.298340606689453125e+01
5.413655090332031250e+01 8.410460662841796875e+01 9.513603973388671875e+01 8.196012878417968750e+01 6.985382080078125000e+01
5.028742599487304688e+01 8.568022918701171875e+01 9.783735656738281250e+01 8.791942596435546875e+01 7.731722259521484375e+01
5.586622619628906250e+01 9.954330444335937500e+01 1.052513885498046875e+02 1.046249160766601562e+02 9.348639678955078125e+01
6.428652954101562500e+01 9.723255157470703125e+01 1.045398254394531250e+02 1.074487686157226562e+02 9.606374359130859375e+01
4.710227203369140625e+01 1.218175125122070312e+02 1.316223602294921875e+02 1.331558532714843750e+02 1.298407135009765625e+02
4.202301788330078125e+01 1.286434173583984375e+02 1.345159454345703125e+02 1.386906280517578125e+02 1.374777374267578125e+02
3.857999801635742188e+01 1.271083297729492188e+02 1.345085601806640625e+02 1.410707855224609375e+02 1.422441406250000000e+02
3.856918716430664062e+01 1.302356567382812500e+02 1.357211761474609375e+02 1.425607147216796875e+02 1.448331756591796875e+02
4.258440780639648438e+01 1.283448791503906250e+02 1.416992187500000000e+02 1.405887603759765625e+02 1.411158142089843750e+02
3.757542037963867188e+01 1.317304534912109375e+02 1.431592559814453125e+02 1.408249053955078125e+02 1.414052429199218750e+02
3.832797241210937500e+01 1.297364196777343750e+02 1.449849090576171875e+02 1.429913024902343750e+02 1.394633941650390625e+02
3.637377929687500000e+01 1.262794265747070312e+02 1.439439239501953125e+02 1.442480621337890625e+02 1.382812347412109375e+02
4.044307327270507812e+01 1.282694702148437500e+02 1.447896118164062500e+02 1.452127990722656250e+02 1.388217926025390625e+02
4.122985076904296875e+01 1.323126983642578125e+02 1.474804687500000000e+02 1.460699462890625000e+02 1.375649108886718750e+02
4.614950561523437500e+01 1.257197189331054688e+02 1.451921386718750000e+02 1.512383422851562500e+02 1.437010650634765625e+02
4.808215713500976562e+01 1.288573303222656250e+02 1.478220062255859375e+02 1.524418487548828125e+02 1.452177734375000000e+02
4.868689346313476562e+01 1.285845336914062500e+02 1.493273925781250000e+02 1.537261047363281250e+02 1.470533447265625000e+02
5.201760482788085938e+01 1.309420928955078125e+02 1.485254211425781250e+02 1.526329040527343750e+02 1.468358764648437500e+02
4.795740509033203125e+01 1.239517974853515625e+02 1.392019653320312500e+02 1.496013488769531250e+02 1.378092803955078125e+02
6.075610351562500000e+01 1.210141220092773438e+02 1.483704528808593750e+02 1.526450500488281250e+02 1.421004638671875000e+02
6.330748748779296875e+01 1.042654876708984375e+02 1.427339782714843750e+02 1.536670227050781250e+02 1.518385620117187500e+02
5.389847564697265625e+01 1.086214523315429688e+02 1.479490661621093750e+02 1.510712890625000000e+02 1.472429199218750000e+02
5.143532180786132812e+01 1.099869384765625000e+02 1.441557464599609375e+02 1.480478973388671875e+02 1.447304687500000000e+02
4.890711212158203125e+01 1.107900848388671875e+02 1.444921264648437500e+02 1.484492797851562500e+02 1.445547332763671875e+02
3.552387619018554688e+01 1.013466720581054688e+02 1.287515716552734375e+02 1.358614959716796875e+02 1.231348648071289062e+02
3.524168014526367188e+01 1.146395034790039062e+02 1.295510559082031250e+02 1.387130432128906250e+02 1.303399200439453125e+02
3.688923645019531250e+01 9.794682312011718750e+01 1.268990097045898438e+02 1.408554840087890625e+02 1.296959075927734375e+02
3.640468597412109375e+01 9.934769439697265625e+01 1.290435180664062500e+02 1.415085601806640625e+02 1.331203918457031250e+02
3.612914657592773438e+01 1.036475143432617188e+02 1.305145416259765625e+02 1.413470153808593750e+02 1.347329101562500000e+02
3.945230865478515625e+01 1.088124237060546875e+02 1.339572601318359375e+02 1.377285919189453125e+02 1.360027160644531250e+02
3.264379119873046875e+01 9.803408813476562500e+01 1.059004058837890625e+02 1.301709899902343750e+02 1.259877929687500000e+02
3.086929512023925781e+01 1.026344070434570312e+02 1.217879791259765625e+02 1.337151794433593750e+02 1.352474822998046875e+02
3.175690269470214844e+01 1.056772155761718750e+02 1.217755203247070312e+02 1.330219421386718750e+02 1.361375427246093750e+02
4.163540267944335938e+01 1.167878799438476562e+02 1.219915618896484375e+02 1.287350769042968750e+02 1.360092163085937500e+02
3.190492057800292969e+01 1.146239776611328125e+02 1.192371597290039062e+02 1.330335845947265625e+02 1.424390563964843750e+02
3.663446044921875000e+01 1.126927795410156250e+02 1.209893722534179688e+02 1.334376983642578125e+02 1.407360992431640625e+02
3.796741104125976562e+01 1.237861633300781250e+02 1.226788177490234375e+02 1.402945251464843750e+02 1.493428192138671875e+02
3.319972610473632812e+01 1.225092544555664062e+02 1.292239685058593750e+02 1.398738403320312500e+02 1.454761047363281250e+02
3.921054840087890625e+01 1.295540161132812500e+02 1.340162506103515625e+02 1.389728851318359375e+02 1.445369720458984375e+02
4.343600463867187500e+01 1.237245330810546875e+02 1.325795440673828125e+02 1.380792999267578125e+02 1.415140991210937500e+02
5.390812301635742188e+01 1.212957992553710938e+02 1.313627014160156250e+02 1.372607116699218750e+02 1.377348327636718750e+02
6.282188034057617188e+01 1.229846420288085938e+02 1.326295013427734375e+02 1.347890777587890625e+02 1.336040954589843750e+02
8.496891784667968750e+01 1.158168945312500000e+02 1.212128372192382812e+02 1.211335830688476562e+02 1.152483215332031250e+02
8.328583526611328125e+01 1.136313400268554688e+02 1.208246002197265625e+02 1.175782241821289062e+02 1.127301406860351562e+02
4.565642547607421875e+01 1.136701812744140625e+02 1.267647857666015625e+02 1.200624237060546875e+02 1.173098144531250000e+02
4.565099716186523438e+01 1.111711654663085938e+02 1.294015960693359375e+02 1.218231124877929688e+02 1.201076278686523438e+02
4.808232116699218750e+01 1.058254089355468750e+02 1.281754455566406250e+02 1.234900360107421875e+02 1.235446090698242188e+02
3.782680892944335938e+01 8.794626617431640625e+01 1.082614593505859375e+02 1.135830917358398438e+02 1.158984375000000000e+02
4.219331741333007812e+01 8.798128509521484375e+01 1.057631072998046875e+02 1.133038177490234375e+02 1.049441604614257812e+02
4.180659484863281250e+01 8.738456726074218750e+01 1.045106430053710938e+02 1.135901947021484375e+02 1.050914764404296875e+02
3.687963867187500000e+01 6.767162322998046875e+01 9.785783386230468750e+01 1.046928024291992188e+02 8.785117340087890625e+01
3.572784423828125000e+01 6.360289382934570312e+01 8.679740905761718750e+01 9.868589782714843750e+01 8.113922119140625000e+01
3.729145050048828125e+01 5.847176361083984375e+01 8.724703216552734375e+01 9.532262420654296875e+01 8.263643646240234375e+01
3.819441223144531250e+01 5.248243331909179688e+01 7.273822784423828125e+01 8.415535736083984375e+01 6.697959136962890625e+01
4.060538101196289062e+01 5.362520980834960938e+01 6.593401336669921875e+01 8.009685516357421875e+01 6.233757781982421875e+01
4.174512863159179688e+01 5.164236068725585938e+01 6.328127288818359375e+01 7.811933898925781250e+01 6.242520141601562500e+01
4.488656997680664062e+01 4.691321945190429688e+01 6.827960205078125000e+01 7.794460296630859375e+01 5.265473175048828125e+01
5.208922576904296875e+01 4.530104827880859375e+01 6.080020141601562500e+01 6.690728759765625000e+01 4.559900283813476562e+01
5.211544418334960938e+01 4.377805328369140625e+01 5.820417785644531250e+01 6.430832672119140625e+01 4.328473281860351562e+01
3.252592086791992188e+01 4.927656555175781250e+01 6.056024932861328125e+01 7.845820617675781250e+01 5.431361770629882812e+01
3.494913101196289062e+01 5.466278076171875000e+01 7.126856231689453125e+01 8.895571899414062500e+01 6.874221801757812500e+01
3.648072814941406250e+01 5.905210876464843750e+01 8.299008178710937500e+01 1.002948837280273438e+02 9.930220794677734375e+01
3.343526458740234375e+01 7.576615142822265625e+01 1.064350204467773438e+02 1.193618621826171875e+02 1.184529190063476562e+02
4.116361999511718750e+01 8.219724273681640625e+01 1.101257400512695312e+02 1.252755355834960938e+02 1.210446090698242188e+02
4.521459197998046875e+01 8.549055480957031250e+01 1.110683288574218750e+02 1.244146118164062500e+02 1.106240997314453125e+02
4.822038650512695312e+01 8.158964538574218750e+01 1.109053497314453125e+02 1.236196899414062500e+02 1.139019622802734375e+02
4.365187072753906250e+01 7.926512908935546875e+01 1.115698242187500000e+02 1.168606872558593750e+02 1.041649627685546875e+02
4.355143737792968750e+01 7.896062469482421875e+01 1.081303253173828125e+02 1.124957275390625000e+02 9.780153656005859375e+01
4.004450607299804688e+01 7.740427398681640625e+01 1.009428024291992188e+02 1.172947235107421875e+02 9.697901916503906250e+01
3.608226394653320312e+01 7.517475128173828125e+01 9.927027893066406250e+01 1.189644012451171875e+02 1.014597320556640625e+02
3.432243728637695312e+01 7.376645660400390625e+01 1.011069259643554688e+02 1.201287536621093750e+02 1.053810043334960938e+02
3.636068344116210938e+01 7.797557067871093750e+01 1.037012634277343750e+02 1.161886062622070312e+02 1.052987518310546875e+02
3.457737731933593750e+01 5.911141204833984375e+01 8.538419342041015625e+01 9.515941619873046875e+01 9.589902496337890625e+01
2.612907409667968750e+01 5.818662261962890625e+01 8.606124877929687500e+01 1.014432601928710938e+02 1.009106521606445312e+02
2.759808921813964844e+01 5.512115478515625000e+01 7.495372009277343750e+01 8.884834289550781250e+01 8.628141784667968750e+01
2.777383613586425781e+01 5.318952560424804688e+01 7.556936645507812500e+01 8.630598449707031250e+01 8.308960723876953125e+01
3.083281326293945312e+01 5.915913772583007812e+01 7.753041839599609375e+01 8.299824523925781250e+01 7.146895599365234375e+01
2.964610099792480469e+01 5.973917770385742188e+01 7.263892364501953125e+01 7.551502227783203125e+01 6.712776947021484375e+01
3.913306808471679688e+01 6.774421691894531250e+01 8.153577423095703125e+01 8.755140686035156250e+01 6.459232330322265625e+01
3.770943450927734375e+01 5.965270233154296875e+01 8.126575469970703125e+01 9.165245819091796875e+01 6.997981262207031250e+01
3.448677062988281250e+01 6.934198760986328125e+01 8.225437927246093750e+01 1.002723464965820312e+02 7.782736968994140625e+01
4.019578170776367188e+01 7.216729736328125000e+01 8.804816436767578125e+01 1.050185546875000000e+02 8.288578796386718750e+01
4.095925903320312500e+01 7.851959228515625000e+01 1.012418899536132812e+02 1.098976974487304688e+02 8.583824157714843750e+01
4.781829452514648438e+01 9.531367492675781250e+01 1.078706436157226562e+02 1.125961532592773438e+02 9.322895812988281250e+01
5.213828659057617188e+01 1.039864501953125000e+02 1.110538101196289062e+02 1.199216003417968750e+02 1.015267944335937500e+02
4.926889038085937500e+01 1.033373336791992188e+02 1.133123016357421875e+02 1.201098861694335938e+02 1.030082473754882812e+02
4.696169662475585938e+01 1.058564758300781250e+02 1.124826431274414062e+02 1.209625778198242188e+02 1.060344161987304688e+02
4.399454498291015625e+01 9.689483642578125000e+01 1.065243682861328125e+02 1.211005020141601562e+02 1.093847808837890625e+02
5.244553756713867188e+01 1.014638824462890625e+02 9.967282867431640625e+01 1.180869903564453125e+02 1.090885772705078125e+02
5.227470397949218750e+01 9.805553436279296875e+01 9.367339324951171875e+01 1.136555023193359375e+02 1.117977905273437500e+02
5.748331069946289062e+01 9.461960601806640625e+01 8.999906158447265625e+01 1.131829376220703125e+02 1.138552246093750000e+02
7.664382934570312500e+01 1.010896606445312500e+02 1.156144485473632812e+02 1.301620788574218750e+02 1.277279434204101562e+02
8.657003784179687500e+01 1.080521316528320312e+02 1.067550964355468750e+02 1.261205368041992188e+02 1.225320587158203125e+02
8.540161895751953125e+01 1.063152618408203125e+02 1.102462234497070312e+02 1.326507568359375000e+02 1.281550445556640625e+02
9.639177703857421875e+01 9.938600921630859375e+01 1.177747039794921875e+02 1.380548248291015625e+02 1.393443450927734375e+02
9.987967681884765625e+01 1.089037628173828125e+02 1.295055084228515625e+02 1.427269897460937500e+02 1.358721160888671875e+02
9.662902069091796875e+01 1.061154098510742188e+02 1.295716705322265625e+02 1.437505340576171875e+02 1.360894775390625000e+02
9.493411254882812500e+01 1.029583129882812500e+02 1.311833953857421875e+02 1.396848144531250000e+02 1.372292327880859375e+02
1.009747772216796875e+02 1.143300094604492188e+02 1.441914215087890625e+02 1.485853881835937500e+02 1.416313934326171875e+02
1.040400848388671875e+02 1.167516860961914062e+02 1.427674255371093750e+02 1.468898620605468750e+02 1.423294525146484375e+02
1.127933502197265625e+02 1.210329055786132812e+02 1.473492431640625000e+02 1.526721191406250000e+02 1.469501953125000000e+02
1.195910339355468750e+02 1.189290847778320312e+02 1.510326385498046875e+02 1.560335845947265625e+02 1.467644958496093750e+02
1.202536468505859375e+02 1.184518890380859375e+02 1.512427825927734375e+02 1.565691223144531250e+02 1.498923187255859375e+02
1.102043685913085938e+02 1.086439514160156250e+02 1.409631042480468750e+02 1.476420745849609375e+02 1.378547973632812500e+02
1.167178344726562500e+02 1.179998931884765625e+02 1.376268920898437500e+02 1.461541442871093750e+02 1.424168090820312500e+02
1.008863906860351562e+02 9.055268096923828125e+01 1.248257980346679688e+02 1.294833221435546875e+02 1.244053497314453125e+02
1.018031616210937500e+02 8.126508331298828125e+01 1.173647842407226562e+02 1.253282852172851562e+02 1.145665283203125000e+02
9.453590393066406250e+01 8.146352386474609375e+01 1.142296295166015625e+02 1.274607391357421875e+02 1.148861007690429688e+02
8.574504089355468750e+01 8.208155059814453125e+01 1.105042495727539062e+02 1.277884063720703125e+02 1.180597534179687500e+02
7.055509948730468750e+01 7.847814941406250000e+01 1.035706634521484375e+02 1.236980285644531250e+02 1.187757949829101562e+02
7.036588287353515625e+01 8.734527587890625000e+01 1.011843872070312500e+02 1.229616622924804688e+02 1.152286224365234375e+02
6.980037689208984375e+01 7.868452453613281250e+01 9.179452514648437500e+01 1.188732223510742188e+02 1.163946304321289062e+02
7.122796630859375000e+01 7.264974212646484375e+01 9.461525726318359375e+01 1.177626724243164062e+02 1.118712844848632812e+02
7.743917846679687500e+01 8.155818939208984375e+01 1.098435592651367188e+02 1.294941558837890625e+02 1.245329360961914062e+02
8.140644073486328125e+01 7.766176605224609375e+01 1.117243957519531250e+02 1.299994049072265625e+02 1.254581069946289062e+02
8.923411560058593750e+01 6.861530303955078125e+01 1.091903533935546875e+02 1.331437988281250000e+02 1.266081619262695312e+02
8.825462341308593750e+01 7.598828125000000000e+01 1.085916900634765625e+02 1.306439208984375000e+02 1.231967163085937500e+02
6.494135284423828125e+01 8.511943054199218750e+01 1.030961456298828125e+02 1.329949951171875000e+02 1.293228149414062500e+02
6.705673217773437500e+01 8.662541961669921875e+01 1.059709854125976562e+02 1.309418945312500000e+02 1.275228805541992188e+02
6.438394165039062500e+01 8.960559082031250000e+01 1.102573318481445312e+02 1.325704040527343750e+02 1.283986663818359375e+02
5.800999069213867188e+01 9.420037078857421875e+01 1.008210144042968750e+02 1.255237655639648438e+02 1.231312942504882812e+02
5.263870239257812500e+01 8.953743743896484375e+01 1.090338745117187500e+02 1.184368743896484375e+02 1.213327255249023438e+02
4.938209915161132812e+01 8.713636779785156250e+01 1.081790542602539062e+02 1.145567016601562500e+02 1.141416625976562500e+02
5.097602462768554688e+01 8.161870574951171875e+01 1.007687149047851562e+02 1.054885635375976562e+02 1.125589675903320312e+02
3.550471878051757812e+01 9.472669219970703125e+01 1.150209045410156250e+02 1.128469696044921875e+02 1.156381072998046875e+02
3.578499221801757812e+01 8.678524017333984375e+01 1.075267944335937500e+02 1.063760604858398438e+02 1.205026397705078125e+02
3.115721511840820312e+01 8.386567687988281250e+01 1.059399871826171875e+02 1.041821975708007812e+02 1.210924301147460938e+02
2.908954620361328125e+01 8.769544219970703125e+01 1.063691406250000000e+02 1.026424331665039062e+02 1.208717422485351562e+02
3.089736747741699219e+01 7.276033782958984375e+01 8.906850433349609375e+01 9.452815246582031250e+01 1.098718948364257812e+02
3.149692344665527344e+01 7.817794036865234375e+01 9.105137634277343750e+01 9.745013427734375000e+01 1.111347122192382812e+02
3.321077346801757812e+01 8.212313842773437500e+01 9.010525512695312500e+01 9.220796966552734375e+01 1.050004119873046875e+02
3.539162445068359375e+01 8.125437927246093750e+01 9.015373229980468750e+01 9.430756378173828125e+01 9.905820465087890625e+01
3.456580352783203125e+01 8.033266448974609375e+01 8.929618072509765625e+01 9.069530487060546875e+01 9.206213378906250000e+01
4.160449981689453125e+01 8.373586273193359375e+01 9.129619598388671875e+01 9.069262695312500000e+01 9.400917053222656250e+01
3.797441101074218750e+01 8.102996826171875000e+01 9.259159851074218750e+01 9.989267730712890625e+01 1.029782409667968750e+02
4.130921554565429688e+01 7.622040557861328125e+01 8.660491943359375000e+01 9.934800720214843750e+01 1.022534790039062500e+02
3.639294052124023438e+01 7.478075408935546875e+01 8.392047119140625000e+01 1.004543075561523438e+02 1.079205474853515625e+02
2.712234115600585938e+01 8.043979644775390625e+01 9.348677825927734375e+01 1.018830261230468750e+02 1.194264068603515625e+02
3.806160736083984375e+01 8.306962585449218750e+01 9.949945831298828125e+01 1.059331130981445312e+02 1.212826766967773438e+02
3.917798995971679688e+01 7.752951812744140625e+01 9.482668304443359375e+01 1.028812637329101562e+02 1.212329483032226562e+02
4.790439224243164062e+01 5.068133926391601562e+01 6.113790130615234375e+01 8.292710876464843750e+01 1.036907882690429688e+02
4.766373443603515625e+01 4.376700973510742188e+01 5.081833648681640625e+01 7.845975494384765625e+01 9.928237152099609375e+01
5.527876281738281250e+01 4.698027420043945312e+01 5.158407974243164062e+01 7.952576446533203125e+01 9.552220916748046875e+01
5.268668365478515625e+01 4.152285003662109375e+01 5.434563064575195312e+01 8.557546234130859375e+01 9.349278259277343750e+01
6.103897857666015625e+01 4.396003341674804688e+01 5.607563018798828125e+01 8.391331481933593750e+01 9.081050109863281250e+01
6.163442230224609375e+01 4.237205505371093750e+01 5.209489440917968750e+01 7.686289978027343750e+01 8.330066680908203125e+01
6.486685180664062500e+01 4.106831359863281250e+01 5.096696853637695312e+01 7.181412506103515625e+01 7.873397827148437500e+01
6.157450485229492188e+01 3.909248352050781250e+01 4.486746215820312500e+01 5.492330932617187500e+01 6.277540969848632812e+01
6.182796859741210938e+01 3.953916931152343750e+01 4.780752944946289062e+01 5.668275451660156250e+01 6.532997131347656250e+01
6.033708953857421875e+01 3.890963363647460938e+01 4.729204940795898438e+01 5.339709472656250000e+01 6.373464965820312500e+01
7.707006072998046875e+01 4.079494094848632812e+01 5.434590911865234375e+01 5.716303634643554688e+01 5.223952484130859375e+01
7.774667358398437500e+01 4.020875930786132812e+01 5.300244522094726562e+01 5.960058975219726562e+01 5.579233551025390625e+01
7.486387634277343750e+01 4.125201797485351562e+01 5.251902770996093750e+01 5.793422698974609375e+01 5.864331817626953125e+01
7.832676696777343750e+01 4.334319305419921875e+01 5.190351104736328125e+01 5.727012634277343750e+01 4.688146209716796875e+01
8.459870147705078125e+01 4.112924575805664062e+01 5.399140930175781250e+01 5.705558013916015625e+01 4.197020721435546875e+01
9.333453369140625000e+01 3.153079032897949219e+01 4.512680435180664062e+01 5.817170333862304688e+01 3.759773254394531250e+01
9.021607971191406250e+01 3.132575225830078125e+01 3.940741348266601562e+01 4.093024444580078125e+01 2.279739189147949219e+01
9.263008880615234375e+01 2.981319618225097656e+01 3.647525024414062500e+01 3.709651565551757812e+01 2.082764816284179688e+01
9.819463348388671875e+01 3.144115447998046875e+01 3.939459991455078125e+01 3.931307983398437500e+01 1.538235378265380859e+01
8.507192993164062500e+01 3.862521743774414062e+01 3.197222709655761719e+01 2.693794441223144531e+01 1.564810180664062500e+01
9.411515808105468750e+01 4.351495742797851562e+01 4.016751480102539062e+01 4.129145431518554688e+01 1.995849990844726562e+01
1.084823150634765625e+02 1.008702011108398438e+02 5.216465377807617188e+01 5.364156341552734375e+01 2.413019561767578125e+01
9.783420562744140625e+01 1.112169570922851562e+02 5.998460388183593750e+01 6.521157836914062500e+01 3.508829879760742188e+01
1.021811218261718750e+02 1.086551284790039062e+02 6.256447982788085938e+01 7.016247558593750000e+01 4.120519638061523438e+01
9.568812561035156250e+01 1.012279281616210938e+02 5.491532897949218750e+01 5.767690658569335938e+01 3.523708724975585938e+01
8.417630767822265625e+01 7.908836364746093750e+01 4.288566589355468750e+01 4.608866119384765625e+01 3.062984657287597656e+01
9.099946594238281250e+01 6.770450592041015625e+01 3.850325393676757812e+01 4.251034545898437500e+01 3.224909973144531250e+01
7.599880218505859375e+01 7.526896667480468750e+01 3.884754943847656250e+01 2.193418121337890625e+01 2.177867126464843750e+01
6.592545318603515625e+01 6.193942642211914062e+01 3.561817169189453125e+01 3.460451889038085938e+01 1.388912963867187500e+01
5.792503738403320312e+01 7.054502868652343750e+01 5.253564453125000000e+01 5.651696395874023438e+01 2.247198867797851562e+01
4.372259521484375000e+01 6.220357513427734375e+01 5.591835403442382812e+01 6.111865234375000000e+01 4.740768814086914062e+01
3.540863037109375000e+01 6.337978363037109375e+01 6.618353271484375000e+01 7.105387878417968750e+01 6.083436965942382812e+01
3.177408790588378906e+01 6.496387481689453125e+01 7.017343139648437500e+01 7.796839141845703125e+01 6.694920349121093750e+01
3.053005790710449219e+01 6.310734939575195312e+01 7.373033905029296875e+01 8.970433807373046875e+01 8.965338134765625000e+01
2.879858398437500000e+01 6.056540679931640625e+01 7.362817382812500000e+01 9.278640747070312500e+01 9.120370483398437500e+01
2.870149040222167969e+01 5.736074447631835938e+01 7.237429046630859375e+01 9.058865356445312500e+01 9.023592376708984375e+01
2.612776374816894531e+01 6.683341217041015625e+01 7.464825439453125000e+01 9.328444671630859375e+01 1.001264190673828125e+02
2.852799224853515625e+01 7.492507934570312500e+01 7.743941497802734375e+01 9.888323211669921875e+01 1.000296325683593750e+02
3.091885566711425781e+01 7.523506927490234375e+01 8.455324554443359375e+01 1.067730331420898438e+02 1.033348312377929688e+02
3.331736755371093750e+01 8.602420043945312500e+01 8.945468902587890625e+01 1.048092880249023438e+02 9.443473052978515625e+01
3.399766159057617188e+01 8.672825622558593750e+01 9.308678436279296875e+01 1.032714080810546875e+02 1.053376388549804688e+02
3.841751480102539062e+01 8.544448089599609375e+01 9.546308135986328125e+01 1.038316497802734375e+02 1.022594909667968750e+02
3.633633041381835938e+01 7.302763366699218750e+01 8.390323638916015625e+01 9.644218444824218750e+01 9.381719970703125000e+01
3.400399398803710938e+01 6.926602172851562500e+01 8.020780181884765625e+01 9.339109802246093750e+01 9.705686187744140625e+01
3.306233215332031250e+01 6.791210937500000000e+01 7.704624938964843750e+01 8.222907257080078125e+01 8.303680419921875000e+01
3.206155014038085938e+01 7.288665008544921875e+01 8.265866851806640625e+01 8.774965667724609375e+01 9.032747650146484375e+01
3.832485198974609375e+01 7.655218505859375000e+01 8.480627441406250000e+01 9.303948211669921875e+01 9.275313568115234375e+01
4.497288131713867188e+01 8.673838043212890625e+01 8.849145507812500000e+01 9.162422180175781250e+01 8.987859344482421875e+01
4.346953201293945312e+01 7.749644470214843750e+01 7.083080291748046875e+01 7.053109741210937500e+01 5.749295043945312500e+01
3.810054397583007812e+01 8.076861572265625000e+01 7.361297607421875000e+01 7.322836303710937500e+01 5.659910202026367188e+01
5.007981491088867188e+01 7.167406463623046875e+01 7.915927124023437500e+01 7.571923828125000000e+01 5.701561355590820312e+01
5.071802520751953125e+01 6.720842742919921875e+01 8.056243133544921875e+01 7.144159698486328125e+01 5.581225585937500000e+01
5.703487777709960938e+01 7.040267181396484375e+01 7.812191009521484375e+01 6.664369964599609375e+01 5.844505310058593750e+01
5.832057571411132812e+01 6.379104614257812500e+01 7.101871490478515625e+01 6.015796279907226562e+01 5.470922470092773438e+01
7.045127868652343750e+01 5.494118499755859375e+01 5.747426605224609375e+01 4.996189117431640625e+01 5.500707626342773438e+01
7.821260070800781250e+01 6.193401718139648438e+01 6.429621887207031250e+01 6.005541992187500000e+01 6.470647430419921875e+01
8.163044738769531250e+01 5.845024490356445312e+01 6.036149978637695312e+01 6.106224441528320312e+01 6.481596374511718750e+01
8.496372222900390625e+01 5.131180572509765625e+01 7.229945373535156250e+01 8.086074829101562500e+01 7.881445312500000000e+01
8.059302520751953125e+01 5.941084289550781250e+01 8.435027313232421875e+01 9.012039184570312500e+01 8.666754913330078125e+01
8.135393524169921875e+01 6.503686523437500000e+01 9.086826324462890625e+01 9.246324920654296875e+01 9.011038208007812500e+01
8.204021453857421875e+01 6.514604949951171875e+01 9.101200866699218750e+01 9.161557006835937500e+01 9.499340820312500000e+01
8.269836425781250000e+01 6.113385009765625000e+01 8.538689422607421875e+01 9.008471679687500000e+01 8.759214782714843750e+01
8.895485687255859375e+01 6.259656524658203125e+01 8.107446289062500000e+01 8.979166412353515625e+01 8.868312835693359375e+01
8.099758148193359375e+01 7.232517242431640625e+01 7.917568206787109375e+01 7.123662567138671875e+01 7.887612152099609375e+01
8.120182800292968750e+01 7.110148620605468750e+01 7.741616821289062500e+01 6.900032043457031250e+01 7.552532958984375000e+01
8.016555023193359375e+01 6.755819702148437500e+01 7.423247528076171875e+01 6.144034957885742188e+01 7.000740051269531250e+01
7.384122467041015625e+01 6.548573303222656250e+01 7.275661468505859375e+01 5.685032653808593750e+01 6.281180191040039062e+01
7.541980743408203125e+01 6.794002532958984375e+01 7.397844696044921875e+01 5.825173187255859375e+01 6.639147186279296875e+01
7.583688354492187500e+01 6.881845092773437500e+01 7.478633117675781250e+01 5.841688919067382812e+01 6.580381774902343750e+01
7.437128448486328125e+01 7.175804138183593750e+01 7.564102172851562500e+01 6.178992843627929688e+01 6.884512329101562500e+01
7.588956451416015625e+01 7.155347442626953125e+01 7.630117797851562500e+01 6.474286651611328125e+01 7.084576416015625000e+01
7.735995483398437500e+01 7.345452880859375000e+01 7.614347076416015625e+01 6.343893051147460938e+01 7.010502624511718750e+01
7.898523712158203125e+01 7.215773773193359375e+01 7.522589874267578125e+01 6.898009490966796875e+01 8.415531158447265625e+01
8.170722961425781250e+01 6.867275238037109375e+01 6.847125244140625000e+01 5.911345672607421875e+01 7.870028686523437500e+01
7.973905181884765625e+01 7.146600341796875000e+01 7.350932312011718750e+01 6.866898345947265625e+01 8.301700592041015625e+01
7.999256896972656250e+01 7.181542205810546875e+01 6.820713043212890625e+01 5.957232666015625000e+01 7.251270294189453125e+01
8.183332824707031250e+01 7.278615570068359375e+01 7.014834594726562500e+01 5.822077560424804688e+01 6.956987762451171875e+01
8.194750213623046875e+01 7.418636322021484375e+01 7.170796203613281250e+01 5.912100601196289062e+01 6.865956115722656250e+01
7.856598663330078125e+01 7.598312377929687500e+01 6.838396453857421875e+01 5.801235961914062500e+01 6.577614593505859375e+01
7.939290618896484375e+01 7.493604278564453125e+01 7.005239868164062500e+01 5.666636276245117188e+01 6.273000335693359375e+01
7.811172485351562500e+01 7.572138977050781250e+01 7.190930938720703125e+01 5.893088150024414062e+01 6.364250946044921875e+01
7.012038421630859375e+01 8.217546844482421875e+01 8.231153869628906250e+01 7.010467529296875000e+01 6.197051239013671875e+01
7.099134826660156250e+01 8.506010437011718750e+01 8.413952636718750000e+01 6.907523345947265625e+01 5.926657104492187500e+01
7.683257293701171875e+01 8.497184753417968750e+01 8.378665924072265625e+01 6.747229766845703125e+01 5.891122055053710938e+01
7.992173004150390625e+01 7.985124206542968750e+01 7.850708007812500000e+01 5.641339111328125000e+01 5.380424880981445312e+01
8.212899017333984375e+01 8.101567840576171875e+01 7.395505523681640625e+01 5.573859405517578125e+01 5.386325836181640625e+01
7.729417419433593750e+01 7.218075561523437500e+01 7.119482421875000000e+01 6.918500518798828125e+01 7.028948974609375000e+01
8.507237243652343750e+01 8.096695709228515625e+01 1.020183868408203125e+02 9.944934082031250000e+01 9.415039825439453125e+01
7.752085876464843750e+01 8.486634826660156250e+01 1.106194229125976562e+02 1.058609924316406250e+02 1.057245635986328125e+02
8.281584930419921875e+01 8.272740936279296875e+01 1.094300155639648438e+02 1.075018997192382812e+02 1.050717620849609375e+02
8.878101348876953125e+01 7.292317199707031250e+01 1.056588973999023438e+02 1.041630783081054688e+02 1.103539352416992188e+02
8.775657653808593750e+01 8.049891662597656250e+01 1.134356689453125000e+02 1.077410736083984375e+02 1.126918563842773438e+02
8.688990783691406250e+01 8.077132415771484375e+01 1.100324401855468750e+02 1.072275466918945312e+02 1.133333587646484375e+02
7.376258850097656250e+01 7.740438842773437500e+01 1.089477920532226562e+02 1.063138122558593750e+02 1.129451828002929688e+02
6.862723541259765625e+01 8.331156921386718750e+01 1.121500625610351562e+02 1.073340301513671875e+02 1.111983566284179688e+02
6.684349822998046875e+01 8.137136840820312500e+01 1.109056167602539062e+02 1.069870758056640625e+02 1.130616455078125000e+02
6.452382659912109375e+01 7.390246582031250000e+01 1.072939300537109375e+02 1.043943939208984375e+02 1.118515701293945312e+02
6.836569976806640625e+01 8.523483276367187500e+01 1.119976577758789062e+02 1.075894775390625000e+02 1.130490951538085938e+02
6.809078979492187500e+01 8.803579711914062500e+01 1.130910339355468750e+02 1.074277496337890625e+02 1.119584884643554688e+02
6.797409820556640625e+01 8.744391632080078125e+01 1.103962249755859375e+02 1.039077682495117188e+02 1.092348937988281250e+02
6.575166320800781250e+01 8.589874267578125000e+01 1.083836822509765625e+02 1.025839080810546875e+02 1.065453338623046875e+02
6.625070953369140625e+01 8.980168151855468750e+01 1.093268890380859375e+02 1.025339584350585938e+02 1.073982162475585938e+02
6.674877929687500000e+01 8.297568511962890625e+01 1.066235733032226562e+02 1.017966995239257812e+02 1.093315200805664062e+02
6.753587341308593750e+01 8.732752227783203125e+01 1.098721313476562500e+02 1.021407165527343750e+02 1.060018539428710938e+02
6.797366333007812500e+01 8.331502532958984375e+01 1.077778396606445312e+02 1.023199081420898438e+02 1.093759460449218750e+02
7.221549987792968750e+01 8.522683715820312500e+01 1.095219116210937500e+02 1.035549240112304688e+02 1.088181838989257812e+02
7.420534515380859375e+01 8.171123504638671875e+01 1.079239578247070312e+02 1.019473724365234375e+02 1.085937805175781250e+02
6.669396972656250000e+01 8.333506774902343750e+01 1.091712112426757812e+02 1.006303024291992188e+02 1.043669357299804688e+02
7.242432403564453125e+01 7.957107543945312500e+01 1.086147613525390625e+02 1.024924392700195312e+02 1.112590408325195312e+02
6.660841369628906250e+01 7.219537353515625000e+01 1.038495330810546875e+02 9.940746307373046875e+01 1.088803100585937500e+02
6.859664154052734375e+01 7.388516998291015625e+01 1.060473022460937500e+02 1.018557357788085938e+02 1.113079071044921875e+02
8.100699615478515625e+01 4.666794204711914062e+01 8.455376434326171875e+01 9.461593627929687500e+01 1.209834060668945312e+02
7.164027404785156250e+01 8.004608154296875000e+01 1.088508529663085938e+02 1.041048812866210938e+02 1.159785690307617188e+02
7.871204376220703125e+01 4.761109542846679688e+01 8.983077239990234375e+01 9.673245239257812500e+01 1.198226699829101562e+02
7.766664123535156250e+01 5.943667221069335938e+01 8.194100189208984375e+01 8.848202514648437500e+01 1.080969238281250000e+02
7.584090423583984375e+01 7.963224792480468750e+01 1.008682556152343750e+02 9.775519561767578125e+01 1.101187286376953125e+02
7.757930755615234375e+01 7.496719360351562500e+01 1.019697875976562500e+02 9.944632720947265625e+01 1.115974578857421875e+02
7.759940338134765625e+01 7.162696838378906250e+01 9.418889617919921875e+01 9.668919372558593750e+01 1.141144866943359375e+02
8.496739959716796875e+01 8.846611022949218750e+01 1.072007751464843750e+02 1.004847335815429688e+02 1.129379730224609375e+02
8.349652099609375000e+01 8.347145080566406250e+01 1.044323348999023438e+02 9.791107940673828125e+01 1.141824340820312500e+02
9.185723114013671875e+01 8.890451049804687500e+01 1.023615493774414062e+02 9.743473815917968750e+01 1.109848937988281250e+02
9.427125549316406250e+01 8.293150329589843750e+01 1.019091339111328125e+02 9.554187011718750000e+01 1.148054809570312500e+02
9.354856872558593750e+01 8.398105621337890625e+01 1.020845184326171875e+02 9.532179260253906250e+01 1.126006240844726562e+02
8.967578125000000000e+01 7.924727630615234375e+01 1.012767486572265625e+02 9.450553131103515625e+01 1.124988403320312500e+02
9.680957031250000000e+01 8.395828247070312500e+01 1.066613845825195312e+02 1.000167312622070312e+02 1.137978668212890625e+02
9.309668731689453125e+01 8.773030090332031250e+01 1.062627105712890625e+02 9.912933349609375000e+01 1.133203659057617188e+02
8.140634918212890625e+01 8.586302185058593750e+01 1.077072067260742188e+02 1.010822296142578125e+02 1.195730972290039062e+02
8.143003845214843750e+01 8.842322540283203125e+01 1.060653991699218750e+02 1.028416061401367188e+02 1.221635513305664062e+02
7.046131134033203125e+01 6.686366271972656250e+01 9.563011169433593750e+01 1.012758102416992188e+02 1.194098663330078125e+02
6.888066864013671875e+01 5.663362503051757812e+01 1.007160949707031250e+02 1.036298751831054688e+02 1.195224609375000000e+02
6.811606597900390625e+01 5.813814544677734375e+01 9.918359375000000000e+01 1.051843490600585938e+02 1.157930755615234375e+02
7.236267852783203125e+01 6.103718185424804688e+01 1.012552947998046875e+02 1.055213012695312500e+02 1.146432418823242188e+02
7.214738464355468750e+01 6.702124023437500000e+01 1.080971374511718750e+02 1.074904174804687500e+02 1.170607757568359375e+02
7.462202453613281250e+01 6.802728271484375000e+01 1.080758972167968750e+02 1.075038909912109375e+02 1.190678482055664062e+02
7.524761199951171875e+01 6.880610656738281250e+01 1.096286315917968750e+02 1.088172836303710938e+02 1.207667694091796875e+02
7.559214019775390625e+01 7.378577423095703125e+01 1.138132095336914062e+02 1.118715515136718750e+02 1.224086990356445312e+02
7.761396789550781250e+01 7.147586059570312500e+01 1.122658538818359375e+02 1.123058013916015625e+02 1.256320495605468750e+02
7.796319580078125000e+01 7.353253936767578125e+01 1.134051666259765625e+02 1.123856277465820312e+02 1.258142318725585938e+02
7.985386657714843750e+01 7.511540222167968750e+01 1.136603622436523438e+02 1.119159927368164062e+02 1.238783950805664062e+02
7.907794952392578125e+01 8.366490173339843750e+01 1.146583099365234375e+02 1.107964935302734375e+02 1.206455078125000000e+02
8.703874969482421875e+01 7.530571746826171875e+01 1.065312957763671875e+02 1.060785980224609375e+02 1.142555999755859375e+02
8.166940307617187500e+01 6.847047424316406250e+01 1.051304702758789062e+02 1.046194534301757812e+02 1.151489562988281250e+02
8.499753570556640625e+01 6.832209777832031250e+01 1.032543106079101562e+02 1.046790618896484375e+02 1.138592681884765625e+02
8.596071624755859375e+01 6.948223114013671875e+01 1.046193237304687500e+02 1.052091064453125000e+02 1.107423324584960938e+02
9.462796783447265625e+01 5.736328506469726562e+01 8.418729400634765625e+01 1.018980026245117188e+02 1.088732452392578125e+02
8.134200286865234375e+01 8.088224029541015625e+01 1.074634933471679688e+02 1.042726593017578125e+02 1.046101531982421875e+02
8.342665100097656250e+01 1.045487747192382812e+02 1.141998138427734375e+02 1.099682464599609375e+02 1.075193939208984375e+02
8.634951019287109375e+01 8.137249755859375000e+01 9.834812164306640625e+01 9.604306793212890625e+01 1.049661026000976562e+02
8.707676696777343750e+01 8.139318847656250000e+01 9.993984222412109375e+01 1.010703659057617188e+02 1.055600280761718750e+02
8.662487792968750000e+01 8.931861114501953125e+01 1.013982772827148438e+02 1.034360656738281250e+02 1.091149902343750000e+02
8.906420898437500000e+01 9.320210266113281250e+01 1.046999130249023438e+02 1.040465545654296875e+02 1.067541885375976562e+02
8.897605895996093750e+01 9.163905334472656250e+01 1.032092971801757812e+02 9.599982452392578125e+01 8.765468597412109375e+01
9.053473663330078125e+01 9.530097198486328125e+01 1.051609420776367188e+02 9.748417663574218750e+01 8.966061401367187500e+01
6.959810638427734375e+01 9.272840118408203125e+01 9.320966339111328125e+01 7.242574310302734375e+01 5.458815383911132812e+01
5.973078155517578125e+01 9.157329559326171875e+01 9.043524169921875000e+01 7.704946899414062500e+01 6.159852981567382812e+01
5.451346206665039062e+01 8.990872955322265625e+01 9.905577850341796875e+01 8.524675750732421875e+01 7.250445556640625000e+01
6.286030960083007812e+01 9.818566894531250000e+01 1.060516738891601562e+02 1.045077209472656250e+02 1.041919631958007812e+02
4.048812484741210938e+01 9.593955993652343750e+01 1.062204513549804688e+02 1.095782318115234375e+02 1.036666412353515625e+02
3.728700637817382812e+01 8.446295166015625000e+01 1.018911056518554688e+02 1.057245712280273438e+02 1.037414855957031250e+02
5.392156219482421875e+01 4.727628326416015625e+01 6.900023651123046875e+01 7.911013031005859375e+01 6.047665405273437500e+01
5.931461715698242188e+01 4.479729461669921875e+01 6.367046737670898438e+01 6.613660430908203125e+01 4.793728256225585938e+01
6.441324615478515625e+01 3.932980346679687500e+01 6.009709930419921875e+01 6.283164978027343750e+01 4.464557266235351562e+01
6.688117218017578125e+01 2.681240272521972656e+01 3.641324615478515625e+01 3.211692428588867188e+01 1.736100387573242188e+01
6.735356903076171875e+01 2.661827087402343750e+01 3.246551513671875000e+01 3.042323112487792969e+01 1.777750205993652344e+01
7.616194152832031250e+01 2.735516166687011719e+01 2.980718612670898438e+01 2.898070144653320312e+01 1.599568748474121094e+01
7.789012908935546875e+01 3.201787185668945312e+01 3.134074592590332031e+01 2.971781921386718750e+01 1.376463031768798828e+01
7.067263793945312500e+01 3.301107025146484375e+01 3.160231018066406250e+01 3.033813095092773438e+01 1.598036193847656250e+01
6.618524932861328125e+01 3.299925231933593750e+01 3.195542526245117188e+01 3.228932952880859375e+01 1.958641624450683594e+01
5.075323486328125000e+01 3.665617752075195312e+01 3.894657897949218750e+01 4.165714263916015625e+01 3.471559524536132812e+01
3.764709091186523438e+01 4.217597961425781250e+01 4.262169647216796875e+01 4.455907058715820312e+01 3.934550476074218750e+01
3.071522712707519531e+01 4.477144622802734375e+01 5.294953536987304688e+01 6.167063903808593750e+01 6.095763778686523438e+01
2.837808036804199219e+01 4.554446029663085938e+01 5.181180191040039062e+01 6.257934188842773438e+01 6.496009063720703125e+01
2.941287612915039062e+01 4.413175582885742188e+01 5.275713729858398438e+01 6.689685821533203125e+01 6.794949340820312500e+01
2.837892532348632812e+01 4.789774322509765625e+01 5.701482772827148438e+01 7.151152038574218750e+01 7.473472595214843750e+01
2.757620239257812500e+01 5.473759078979492188e+01 6.821437072753906250e+01 7.787316894531250000e+01 8.015143585205078125e+01
3.099506950378417969e+01 5.261421203613281250e+01 6.900677490234375000e+01 7.665289306640625000e+01 7.526370239257812500e+01
3.206001663208007812e+01 5.283943176269531250e+01 6.922488403320312500e+01 7.765576934814453125e+01 7.886072540283203125e+01
2.994737052917480469e+01 5.195123672485351562e+01 6.969095611572265625e+01 7.601575469970703125e+01 7.785865020751953125e+01
3.105097579956054688e+01 4.965244674682617188e+01 6.401550292968750000e+01 7.470864868164062500e+01 6.809842681884765625e+01
2.963165473937988281e+01 4.382882690429687500e+01 5.427511215209960938e+01 6.709452056884765625e+01 5.937294387817382812e+01
3.561687469482421875e+01 4.036186599731445312e+01 4.788909149169921875e+01 6.640558624267578125e+01 5.882543563842773438e+01
3.887692260742187500e+01 4.297904586791992188e+01 4.645151138305664062e+01 6.098431777954101562e+01 6.016548919677734375e+01
4.121903610229492188e+01 4.164222717285156250e+01 4.796966171264648438e+01 6.631433105468750000e+01 6.408495330810546875e+01
4.268218231201171875e+01 3.942876052856445312e+01 4.661307907104492188e+01 6.584775543212890625e+01 6.158898925781250000e+01
4.627068710327148438e+01 4.172677612304687500e+01 4.778808212280273438e+01 6.307091903686523438e+01 6.937318420410156250e+01
4.147235107421875000e+01 4.157199478149414062e+01 4.834004592895507812e+01 6.396419906616210938e+01 6.802615356445312500e+01
4.218608474731445312e+01 4.154042816162109375e+01 4.698716735839843750e+01 6.259838485717773438e+01 6.896862792968750000e+01
3.987348937988281250e+01 4.188112258911132812e+01 4.778072738647460938e+01 6.552316284179687500e+01 6.973534393310546875e+01
4.189966583251953125e+01 4.069248962402343750e+01 5.104525756835937500e+01 6.781998443603515625e+01 7.132511901855468750e+01
3.835932540893554688e+01 4.577865219116210938e+01 5.083868408203125000e+01 6.655094146728515625e+01 6.915258026123046875e+01
3.792625808715820312e+01 4.464756393432617188e+01 5.186984634399414062e+01 6.515001678466796875e+01 6.871223449707031250e+01
3.736155700683593750e+01 4.485494613647460938e+01 5.382781982421875000e+01 6.657935333251953125e+01 6.944867706298828125e+01
3.857321929931640625e+01 4.313335037231445312e+01 4.997183990478515625e+01 6.570159912109375000e+01 6.674542999267578125e+01
4.262982177734375000e+01 4.222832489013671875e+01 4.970052719116210938e+01 6.412535858154296875e+01 6.408219909667968750e+01
4.157958984375000000e+01 4.362891006469726562e+01 5.091759109497070312e+01 6.722686767578125000e+01 6.721701049804687500e+01
4.294504928588867188e+01 4.307550430297851562e+01 5.078822326660156250e+01 6.782418060302734375e+01 6.618417358398437500e+01
4.340171813964843750e+01 4.304361724853515625e+01 5.052374267578125000e+01 6.665521240234375000e+01 6.545339202880859375e+01
4.234153747558593750e+01 4.447587203979492188e+01 5.480776596069335938e+01 7.102780151367187500e+01 6.319441223144531250e+01
4.383984756469726562e+01 4.331073379516601562e+01 5.341559982299804688e+01 6.994918823242187500e+01 6.429941558837890625e+01
4.364019775390625000e+01 4.268949890136718750e+01 5.347614669799804688e+01 6.994576263427734375e+01 6.410550689697265625e+01
4.290281677246093750e+01 4.257337570190429688e+01 5.172536849975585938e+01 6.845246124267578125e+01 5.860075378417968750e+01
4.125958251953125000e+01 4.082625961303710938e+01 5.048461151123046875e+01 6.509867095947265625e+01 6.111503219604492188e+01
4.248957443237304688e+01 4.319942092895507812e+01 5.238322067260742188e+01 6.857714080810546875e+01 6.338351821899414062e+01
4.031139755249023438e+01 4.090186691284179688e+01 5.205577850341796875e+01 6.732672882080078125e+01 6.063555145263671875e+01
4.253427505493164062e+01 4.220745086669921875e+01 5.301008987426757812e+01 6.895210266113281250e+01 6.133938217163085938e+01
4.245240783691406250e+01 4.198725891113281250e+01 5.221691131591796875e+01 6.778955078125000000e+01 5.969688415527343750e+01
4.130497741699218750e+01 4.020892715454101562e+01 5.110296630859375000e+01 6.531422424316406250e+01 5.800948333740234375e+01
3.998198318481445312e+01 4.074354553222656250e+01 5.066905212402343750e+01 6.595933532714843750e+01 5.861246109008789062e+01
4.053667831420898438e+01 4.081840896606445312e+01 5.174938201904296875e+01 6.856995391845703125e+01 5.974290466308593750e+01
3.968794631958007812e+01 4.104756546020507812e+01 5.088598632812500000e+01 6.676387023925781250e+01 5.863745117187500000e+01
4.151807785034179688e+01 3.995094680786132812e+01 5.028230285644531250e+01 6.553276824951171875e+01 5.633947372436523438e+01
3.942987060546875000e+01 3.888204956054687500e+01 4.912022018432617188e+01 6.519396972656250000e+01 5.712430953979492188e+01
3.985982513427734375e+01 3.975172424316406250e+01 4.942775726318359375e+01 6.334259796142578125e+01 5.599299240112304688e+01
4.010808181762695312e+01 3.962091064453125000e+01 4.960234832763671875e+01 6.493539428710937500e+01 5.653719711303710938e+01
3.907037734985351562e+01 3.935452651977539062e+01 4.965809249877929688e+01 6.531194305419921875e+01 5.615139007568359375e+01
3.805171203613281250e+01 3.843925476074218750e+01 4.953422164916992188e+01 6.529179382324218750e+01 5.711613464355468750e+01
3.904059600830078125e+01 3.803742218017578125e+01 4.851817703247070312e+01 6.403824615478515625e+01 5.614533233642578125e+01
3.903639984130859375e+01 3.826235580444335938e+01 4.921739196777343750e+01 6.579518890380859375e+01 5.778365707397460938e+01
3.847341537475585938e+01 3.847512054443359375e+01 4.863084793090820312e+01 6.649700927734375000e+01 5.935400772094726562e+01
3.887919235229492188e+01 4.031694793701171875e+01 5.332348632812500000e+01 7.767468261718750000e+01 7.137921905517578125e+01
4.038929748535156250e+01 3.861349487304687500e+01 5.065593338012695312e+01 7.620982360839843750e+01 6.931917572021484375e+01
4.096097946166992188e+01 3.826284790039062500e+01 5.188859939575195312e+01 7.730523681640625000e+01 7.027663421630859375e+01
3.646499252319335938e+01 3.698505783081054688e+01 5.402639389038085938e+01 8.258415222167968750e+01 7.465995788574218750e+01
3.404790878295898438e+01 3.769127273559570312e+01 4.967462158203125000e+01 7.604142761230468750e+01 7.153271484375000000e+01
3.872999572753906250e+01 4.220558547973632812e+01 5.568405151367187500e+01 7.874874877929687500e+01 7.736820983886718750e+01
3.453698730468750000e+01 4.216303253173828125e+01 5.056439590454101562e+01 7.599996185302734375e+01 7.420185852050781250e+01
3.338330459594726562e+01 4.287642669677734375e+01 5.280461502075195312e+01 7.913162994384765625e+01 7.490068054199218750e+01
3.345528793334960938e+01 4.415814208984375000e+01 5.385428237915039062e+01 7.875673675537109375e+01 7.532349395751953125e+01
3.378224563598632812e+01 3.647779846191406250e+01 4.506104660034179688e+01 7.630399322509765625e+01 7.966179656982421875e+01
3.645891952514648438e+01 3.496266937255859375e+01 4.513958358764648438e+01 7.459695434570312500e+01 8.422486877441406250e+01
3.921052932739257812e+01 3.770676040649414062e+01 5.094033432006835938e+01 8.148677825927734375e+01 9.226454162597656250e+01
4.270011520385742188e+01 3.886348724365234375e+01 6.242540740966796875e+01 9.336800384521484375e+01 1.088622131347656250e+02
3.829738998413085938e+01 4.258221435546875000e+01 6.420233917236328125e+01 1.027766418457031250e+02 1.149857940673828125e+02
4.169196701049804688e+01 6.896025848388671875e+01 1.118575286865234375e+02 1.249219665527343750e+02 1.247664642333984375e+02
3.939999389648437500e+01 7.434387969970703125e+01 1.176053543090820312e+02 1.268139877319335938e+02 1.180043411254882812e+02
3.348237991333007812e+01 8.009119415283203125e+01 1.125330963134765625e+02 1.265137710571289062e+02 1.169452972412109375e+02
3.314134979248046875e+01 8.956206512451171875e+01 1.084606018066406250e+02 1.119127883911132812e+02 1.205365295410156250e+02
2.902375221252441406e+01 8.426924133300781250e+01 1.055523147583007812e+02 1.132054519653320312e+02 1.209222946166992188e+02
3.154181861877441406e+01 8.581845855712890625e+01 1.017734985351562500e+02 1.080660476684570312e+02 1.222317504882812500e+02
4.577504730224609375e+01 7.865336608886718750e+01 8.823986816406250000e+01 1.072069549560546875e+02 1.112442245483398438e+02
4.197520828247070312e+01 6.401861572265625000e+01 7.757763671875000000e+01 9.180410766601562500e+01 7.209067535400390625e+01
4.320731353759765625e+01 5.947657394409179688e+01 7.221206665039062500e+01 8.648281860351562500e+01 7.006957244873046875e+01
4.235159301757812500e+01 5.876576614379882812e+01 6.876918792724609375e+01 8.193190765380859375e+01 6.534048461914062500e+01
3.850204086303710938e+01 5.572066879272460938e+01 6.137057113647460938e+01 7.274134063720703125e+01 5.940471267700195312e+01
3.950994873046875000e+01 5.537921142578125000e+01 6.060810089111328125e+01 7.229863739013671875e+01 5.985412597656250000e+01
4.179597854614257812e+01 5.797090148925781250e+01 6.505221557617187500e+01 6.440317535400390625e+01 5.636190032958984375e+01
3.912232971191406250e+01 5.928690719604492188e+01 6.599478149414062500e+01 6.432100677490234375e+01 5.619620513916015625e+01
4.303582382202148438e+01 5.599123382568359375e+01 6.721230316162109375e+01 6.630888366699218750e+01 6.031539535522460938e+01
4.311449050903320312e+01 5.814032363891601562e+01 6.692520904541015625e+01 6.485188293457031250e+01 5.809939575195312500e+01
4.079095458984375000e+01 5.567752838134765625e+01 6.619814300537109375e+01 6.489172363281250000e+01 5.805329895019531250e+01
4.483319091796875000e+01 5.521903991699218750e+01 6.596553802490234375e+01 6.336615753173828125e+01 5.669670104980468750e+01
4.319181060791015625e+01 5.083867263793945312e+01 6.677729797363281250e+01 6.433123016357421875e+01 5.738639068603515625e+01
3.876697540283203125e+01 5.118739318847656250e+01 6.235583496093750000e+01 6.238684082031250000e+01 5.669341278076171875e+01
4.103607940673828125e+01 5.127997207641601562e+01 6.630239105224609375e+01 6.295005416870117188e+01 5.748544692993164062e+01
4.050701522827148438e+01 5.036640167236328125e+01 6.348517608642578125e+01 6.013764572143554688e+01 5.282613754272460938e+01
3.488558578491210938e+01 4.947549057006835938e+01 6.697722625732421875e+01 6.726396179199218750e+01 6.371696853637695312e+01
3.583642196655273438e+01 5.359467697143554688e+01 6.397417831420898438e+01 6.472141265869140625e+01 5.770096206665039062e+01
3.941392517089843750e+01 5.982847213745117188e+01 6.882460021972656250e+01 6.989318084716796875e+01 6.079166030883789062e+01
3.979288864135742188e+01 6.232180023193359375e+01 7.560330200195312500e+01 7.434175109863281250e+01 6.757698822021484375e+01
3.138659286499023438e+01 5.361046981811523438e+01 7.290707397460937500e+01 7.291110992431640625e+01 6.442625427246093750e+01
2.847574424743652344e+01 5.637667083740234375e+01 7.392987060546875000e+01 7.293350219726562500e+01 6.348868560791015625e+01
3.653805923461914062e+01 6.099102020263671875e+01 7.766789245605468750e+01 7.426337432861328125e+01 5.913072967529296875e+01
4.129001617431640625e+01 6.348732757568359375e+01 7.869800567626953125e+01 7.882410430908203125e+01 5.793259429931640625e+01
5.395835876464843750e+01 6.457756805419921875e+01 8.231021881103515625e+01 8.061669158935546875e+01 6.324431228637695312e+01
5.329143524169921875e+01 6.416243743896484375e+01 7.852947235107421875e+01 7.994384002685546875e+01 6.645121002197265625e+01
5.617548370361328125e+01 6.462896728515625000e+01 7.812251281738281250e+01 7.778464508056640625e+01 6.095442962646484375e+01
5.985681152343750000e+01 6.900683593750000000e+01 8.290847778320312500e+01 8.428246307373046875e+01 7.370157623291015625e+01
5.194881820678710938e+01 7.223561096191406250e+01 8.624015808105468750e+01 8.643482208251953125e+01 7.560624694824218750e+01
5.109503936767578125e+01 6.690712738037109375e+01 7.645635986328125000e+01 8.146058654785156250e+01 7.017004394531250000e+01
6.529040527343750000e+01 6.596241760253906250e+01 8.100271606445312500e+01 8.331929016113281250e+01 7.972348785400390625e+01
6.183160018920898438e+01 6.425046539306640625e+01 7.660310363769531250e+01 8.259181976318359375e+01 7.644602966308593750e+01
6.076024246215820312e+01 7.153739166259765625e+01 1.040017166137695312e+02 1.207877044677734375e+02 1.170984039306640625e+02
5.579924774169921875e+01 7.248522186279296875e+01 1.184823837280273438e+02 1.334497528076171875e+02 1.390238800048828125e+02
5.893365859985351562e+01 6.332222366333007812e+01 1.002767639160156250e+02 1.310980377197265625e+02 1.314034881591796875e+02
5.285102462768554688e+01 6.331463623046875000e+01 1.064365921020507812e+02 1.324157257080078125e+02 1.467601928710937500e+02
4.896576690673828125e+01 6.108377456665039062e+01 1.033155441284179688e+02 1.296419372558593750e+02 1.464472961425781250e+02
4.762143707275390625e+01 5.932629013061523438e+01 1.030914459228515625e+02 1.297458496093750000e+02 1.485016174316406250e+02
3.555294036865234375e+01 5.515143585205078125e+01 9.722065734863281250e+01 1.379406738281250000e+02 1.525350494384765625e+02
3.707778549194335938e+01 5.544719696044921875e+01 9.469268798828125000e+01 1.284844665527343750e+02 1.488501434326171875e+02
2.464751815795898438e+01 4.725058364868164062e+01 9.529398345947265625e+01 1.306796875000000000e+02 1.501305541992187500e+02
2.620021820068359375e+01 4.386405181884765625e+01 8.854936981201171875e+01 1.177884597778320312e+02 1.443572692871093750e+02
2.920725250244140625e+01 4.367961120605468750e+01 8.464061737060546875e+01 1.150852813720703125e+02 1.451063079833984375e+02
2.958817672729492188e+01 3.909487533569335938e+01 7.554505157470703125e+01 1.024212188720703125e+02 1.367434997558593750e+02
2.911639595031738281e+01 3.815687179565429688e+01 7.147642517089843750e+01 1.005616836547851562e+02 1.310184631347656250e+02
2.912476921081542969e+01 3.668125152587890625e+01 7.201725769042968750e+01 9.691148376464843750e+01 1.278178024291992188e+02
2.454053878784179688e+01 3.293323135375976562e+01 5.253031921386718750e+01 7.996797943115234375e+01 1.046686019897460938e+02
2.561692237854003906e+01 3.140515327453613281e+01 5.968384933471679688e+01 8.314108276367187500e+01 1.017012939453125000e+02
2.595019912719726562e+01 3.420079040527343750e+01 5.925178146362304688e+01 8.094981384277343750e+01 9.896689605712890625e+01
2.630217933654785156e+01 3.298225402832031250e+01 5.463377761840820312e+01 7.797631072998046875e+01 9.146703338623046875e+01
2.559932136535644531e+01 3.295200347900390625e+01 5.089810180664062500e+01 7.405521392822265625e+01 8.671090698242187500e+01
2.529199218750000000e+01 3.159135437011718750e+01 5.074732971191406250e+01 7.318896484375000000e+01 8.145140075683593750e+01
2.431546592712402344e+01 2.816581153869628906e+01 4.356223678588867188e+01 6.621875000000000000e+01 8.203669738769531250e+01
2.658388900756835938e+01 2.782952690124511719e+01 4.530327606201171875e+01 6.552337646484375000e+01 7.419219207763671875e+01
2.718361091613769531e+01 2.619376373291015625e+01 4.410005187988281250e+01 6.611608123779296875e+01 8.188591766357421875e+01
2.725170898437500000e+01 2.549269676208496094e+01 3.838318634033203125e+01 6.188933563232421875e+01 7.804389190673828125e+01
2.747720336914062500e+01 2.563960838317871094e+01 4.137690734863281250e+01 6.295466232299804688e+01 7.603346252441406250e+01
2.786626815795898438e+01 2.926180267333984375e+01 4.463005065917968750e+01 6.422101593017578125e+01 7.904825592041015625e+01
2.786480522155761719e+01 3.248508071899414062e+01 4.719608688354492188e+01 6.403952026367187500e+01 7.435919189453125000e+01
3.082024765014648438e+01 3.273924636840820312e+01 5.057212829589843750e+01 6.991046142578125000e+01 8.125255584716796875e+01
4.131545639038085938e+01 3.457496261596679688e+01 5.157995605468750000e+01 6.661890411376953125e+01 7.357749176025390625e+01
4.766975402832031250e+01 3.486256408691406250e+01 5.199507522583007812e+01 6.805986022949218750e+01 7.655114746093750000e+01
4.337086105346679688e+01 3.508993911743164062e+01 5.233720016479492188e+01 6.665367126464843750e+01 7.304962921142578125e+01
4.435375595092773438e+01 3.414352416992187500e+01 5.175080108642578125e+01 6.872084045410156250e+01 7.304866027832031250e+01
4.558036041259765625e+01 3.348762893676757812e+01 5.342227554321289062e+01 7.100705718994140625e+01 7.466993713378906250e+01
4.714771270751953125e+01 3.445874786376953125e+01 5.360272979736328125e+01 7.083319854736328125e+01 7.149269104003906250e+01
3.551889801025390625e+01 3.761669540405273438e+01 5.362221908569335938e+01 7.200735473632812500e+01 6.909794616699218750e+01
4.141263580322265625e+01 4.070127868652343750e+01 5.889164733886718750e+01 7.255525207519531250e+01 5.679718399047851562e+01
3.138586616516113281e+01 4.072123718261718750e+01 6.075176239013671875e+01 7.086285400390625000e+01 5.360037231445312500e+01
3.681141662597656250e+01 4.202434921264648438e+01 6.152545928955078125e+01 7.233870697021484375e+01 5.097582626342773438e+01
3.270167922973632812e+01 4.187840270996093750e+01 6.211999130249023438e+01 7.200241088867187500e+01 5.642721557617187500e+01
3.117102432250976562e+01 4.128491973876953125e+01 6.399740600585937500e+01 7.454648590087890625e+01 6.490379333496093750e+01
2.635020446777343750e+01 3.738533401489257812e+01 6.600896453857421875e+01 8.105428314208984375e+01 7.724152374267578125e+01
2.941129684448242188e+01 3.976104354858398438e+01 6.862593078613281250e+01 8.631575775146484375e+01 9.214854431152343750e+01
2.767329025268554688e+01 3.828972244262695312e+01 6.061982345581054688e+01 8.044766235351562500e+01 1.014617462158203125e+02
2.884170722961425781e+01 3.945623016357421875e+01 6.287567520141601562e+01 7.771287536621093750e+01 9.478136444091796875e+01
2.789481544494628906e+01 3.830743789672851562e+01 6.013575363159179688e+01 7.508262634277343750e+01 9.199887084960937500e+01
2.892275238037109375e+01 3.834196853637695312e+01 5.620023345947265625e+01 6.929058074951171875e+01 8.348619079589843750e+01
2.785947799682617188e+01 3.158008575439453125e+01 4.705815124511718750e+01 6.438917541503906250e+01 7.361016082763671875e+01
3.053993797302246094e+01 3.038835716247558594e+01 5.065485382080078125e+01 6.464482879638671875e+01 7.475653839111328125e+01
2.679357337951660156e+01 2.926802062988281250e+01 5.215008163452148438e+01 6.632259368896484375e+01 6.691822814941406250e+01
2.899389839172363281e+01 3.121307373046875000e+01 5.047047805786132812e+01 6.399832916259765625e+01 6.152125167846679688e+01
2.986040496826171875e+01 3.060823631286621094e+01 5.194411468505859375e+01 6.542794799804687500e+01 6.132480239868164062e+01
3.388937759399414062e+01 3.174605941772460938e+01 5.065854263305664062e+01 6.588116455078125000e+01 5.375156784057617188e+01
2.853141403198242188e+01 3.282865905761718750e+01 5.333849334716796875e+01 6.647532653808593750e+01 5.552328491210937500e+01
3.071879768371582031e+01 3.262064361572265625e+01 5.208350753784179688e+01 6.528819274902343750e+01 5.396200942993164062e+01
3.044159126281738281e+01 3.345615386962890625e+01 5.308253860473632812e+01 6.561323547363281250e+01 5.318820190429687500e+01
3.038958549499511719e+01 3.142959022521972656e+01 5.680152130126953125e+01 7.073667907714843750e+01 6.166824722290039062e+01
3.031245040893554688e+01 3.269731521606445312e+01 5.725831604003906250e+01 7.145317840576171875e+01 5.824930572509765625e+01
