1.898067092895507812e+01 1.761924438476562500e+02
2.096262741088867188e+01 1.686012115478515625e+02
2.131186866760253906e+01 1.650966644287109375e+02
2.150975418090820312e+01 1.637029724121093750e+02
2.149771881103515625e+01 1.638718414306640625e+02
2.175841331481933594e+01 1.632126312255859375e+02
2.265255355834960938e+01 1.621974334716796875e+02
2.288527297973632812e+01 1.612604522705078125e+02
2.292238807678222656e+01 1.612408142089843750e+02
2.351701736450195312e+01 1.615333251953125000e+02
2.373450660705566406e+01 1.612977142333984375e+02
2.429396247863769531e+01 1.626015472412109375e+02
2.356375885009765625e+01 1.616894378662109375e+02
2.478406715393066406e+01 1.624515228271484375e+02
2.622386169433593750e+01 1.608937530517578125e+02
3.952404403686523438e+01 1.526627044677734375e+02
5.917975616455078125e+01 1.627880401611328125e+02
6.157364654541015625e+01 8.970504760742187500e+01
7.208965301513671875e+01 7.562426757812500000e+01
7.932133483886718750e+01 8.377734375000000000e+01
7.887416076660156250e+01 9.369812011718750000e+01
7.621284484863281250e+01 8.673265075683593750e+01
6.732428741455078125e+01 7.632782745361328125e+01
6.061332702636718750e+01 6.934401702880859375e+01
5.278740310668945312e+01 9.669856262207031250e+01
4.794990158081054688e+01 7.368815612792968750e+01
3.507850265502929688e+01 1.605023803710937500e+02
3.720985031127929688e+01 5.761322021484375000e+01
3.909371948242187500e+01 1.033353347778320312e+02
3.085289573669433594e+01 1.674820861816406250e+02
2.068801689147949219e+01 1.754657745361328125e+02
1.653418159484863281e+01 1.732600860595703125e+02
1.500857734680175781e+01 1.797837371826171875e+02
1.491171836853027344e+01 1.761117553710937500e+02
2.666692543029785156e+01 7.759333038330078125e+01
1.068627929687500000e+02 1.567091064453125000e+02
1.030369186401367188e+02 1.757845611572265625e+02
9.782901763916015625e+01 1.653249969482421875e+02
9.557390594482421875e+01 1.663329315185546875e+02
9.354203796386718750e+01 1.638544311523437500e+02
9.399098205566406250e+01 1.648502655029296875e+02
5.463718414306640625e+01 1.768089904785156250e+02
2.943336105346679688e+01 1.629181671142578125e+02
2.524347305297851562e+01 1.665281372070312500e+02
2.407781219482421875e+01 1.695993194580078125e+02
2.342222785949707031e+01 1.574913635253906250e+02
1.787309646606445312e+01 1.507517852783203125e+02
1.725810432434082031e+01 1.461560058593750000e+02
1.965211677551269531e+01 1.441789398193359375e+02
1.996027374267578125e+01 1.026808013916015625e+02
4.209727478027343750e+01 5.743269920349121094e+00
2.620002174377441406e+01 2.612203788757324219e+01
1.213968276977539062e+01 1.642190093994140625e+02
1.390905380249023438e+01 1.754786682128906250e+02
1.843850708007812500e+01 1.602342987060546875e+02
6.665884399414062500e+01 1.606511535644531250e+02
2.818408393859863281e+01 3.472592926025390625e+01
8.133390808105468750e+01 1.654039611816406250e+02
3.662495422363281250e+01 1.510215454101562500e+02
2.582903861999511719e+01 1.584012603759765625e+02
2.566134643554687500e+01 1.543480529785156250e+02
2.073101043701171875e+01 1.515296478271484375e+02
1.599800109863281250e+01 1.620709991455078125e+02
1.171629428863525391e+01 1.696806793212890625e+02
1.360097026824951172e+01 1.687430114746093750e+02
4.143578720092773438e+01 9.287339782714843750e+01
8.009244537353515625e+01 1.520686492919921875e+02
8.168855285644531250e+01 1.527534484863281250e+02
8.017300415039062500e+01 1.502565917968750000e+02
8.084773254394531250e+01 1.528193359375000000e+02
8.132402038574218750e+01 1.536367340087890625e+02
8.109282684326171875e+01 1.537074127197265625e+02
8.054068756103515625e+01 1.519059295654296875e+02
8.087168121337890625e+01 1.530118865966796875e+02
8.031095886230468750e+01 1.525388793945312500e+02
8.349078369140625000e+01 1.520307312011718750e+02
8.233025360107421875e+01 1.498784942626953125e+02
8.248987579345703125e+01 1.500759124755859375e+02
8.195254516601562500e+01 1.497156677246093750e+02
8.044615936279296875e+01 1.497644958496093750e+02
8.016029357910156250e+01 1.492963867187500000e+02
8.008403015136718750e+01 1.493577423095703125e+02
7.980351257324218750e+01 1.493694915771484375e+02
7.954651641845703125e+01 1.491670532226562500e+02
7.945490264892578125e+01 1.492397613525390625e+02
8.030438232421875000e+01 1.437151794433593750e+02
8.211457824707031250e+01 8.458761596679687500e+01
8.639346313476562500e+01 7.515465545654296875e+01
8.712476348876953125e+01 7.492678070068359375e+01
8.769232177734375000e+01 7.506559753417968750e+01
8.769873809814453125e+01 7.554019927978515625e+01
8.759298706054687500e+01 7.616455078125000000e+01
8.769086456298828125e+01 7.555762481689453125e+01
8.748707580566406250e+01 7.653861236572265625e+01
8.805638122558593750e+01 7.692050170898437500e+01
8.705432128906250000e+01 7.636448669433593750e+01
8.672973632812500000e+01 7.682371520996093750e+01
8.676885223388671875e+01 7.585033416748046875e+01
8.705899810791015625e+01 6.944113922119140625e+01
8.689503479003906250e+01 6.769144439697265625e+01
8.692819976806640625e+01 6.740845489501953125e+01
8.665525817871093750e+01 6.712791442871093750e+01
8.747685241699218750e+01 6.614558410644531250e+01
8.747073364257812500e+01 6.596787261962890625e+01
8.760995483398437500e+01 6.580239105224609375e+01
8.763335418701171875e+01 6.601452636718750000e+01
8.764313507080078125e+01 6.575414276123046875e+01
8.616794586181640625e+01 6.806303405761718750e+01
8.929139709472656250e+01 1.355348968505859375e+02
8.946957397460937500e+01 1.485743103027343750e+02
8.938704681396484375e+01 1.507830352783203125e+02
8.987609863281250000e+01 1.518917388916015625e+02
8.937239837646484375e+01 1.538486785888671875e+02
2.815084457397460938e+01 1.722206878662109375e+02
1.717361831665039062e+01 1.719173126220703125e+02
1.846597480773925781e+01 1.591232757568359375e+02
2.187021255493164062e+01 1.497507781982421875e+02
3.096067047119140625e+01 1.568108520507812500e+02
4.353251647949218750e+01 1.507722015380859375e+02
4.471329116821289062e+01 1.634479827880859375e+02
