9.605665588378906250e+01 1.620560302734375000e+02
9.730498504638671875e+01 1.625852813720703125e+02
9.801418304443359375e+01 1.627219543457031250e+02
9.830914306640625000e+01 1.624971008300781250e+02
9.846161651611328125e+01 1.622840270996093750e+02
9.851632690429687500e+01 1.619325714111328125e+02
9.833026885986328125e+01 1.615919189453125000e+02
9.832391357421875000e+01 1.617509918212890625e+02
9.815093994140625000e+01 1.615071411132812500e+02
9.825779724121093750e+01 1.616467285156250000e+02
9.827468109130859375e+01 1.616455993652343750e+02
9.833235168457031250e+01 1.615886993408203125e+02
9.829077148437500000e+01 1.615546112060546875e+02
9.826567077636718750e+01 1.615212554931640625e+02
9.824544525146484375e+01 1.614025115966796875e+02
9.806264495849609375e+01 1.610931243896484375e+02
9.812592315673828125e+01 1.610753021240234375e+02
9.836638641357421875e+01 1.612722015380859375e+02
9.842057800292968750e+01 1.614348449707031250e+02
9.847555541992187500e+01 1.614857177734375000e+02
9.871534729003906250e+01 1.618252258300781250e+02
9.871994018554687500e+01 1.617404785156250000e+02
9.870232391357421875e+01 1.616851959228515625e+02
9.868436431884765625e+01 1.617198333740234375e+02
9.871485900878906250e+01 1.617022247314453125e+02
9.874732208251953125e+01 1.617495880126953125e+02
9.873297882080078125e+01 1.618596038818359375e+02
9.870645904541015625e+01 1.618388977050781250e+02
9.849920654296875000e+01 1.615016479492187500e+02
9.844311523437500000e+01 1.615485992431640625e+02
9.839454650878906250e+01 1.615598602294921875e+02
9.866133117675781250e+01 1.618227386474609375e+02
9.875649261474609375e+01 1.617836761474609375e+02
9.800646972656250000e+01 1.622136383056640625e+02
9.459142303466796875e+01 1.624141082763671875e+02
9.304536437988281250e+01 1.615355224609375000e+02
9.279713439941406250e+01 1.608401947021484375e+02
9.312094879150390625e+01 1.609110260009765625e+02
9.336061096191406250e+01 1.628681640625000000e+02
8.645579528808593750e+01 1.641944580078125000e+02
8.308668518066406250e+01 1.633525695800781250e+02
8.587730407714843750e+01 1.614822998046875000e+02
8.764577484130859375e+01 1.624321136474609375e+02
8.587020874023437500e+01 1.632202606201171875e+02
8.529335784912109375e+01 1.639363555908203125e+02
8.595419311523437500e+01 1.636163940429687500e+02
8.887500000000000000e+01 1.550140838623046875e+02
9.299772644042968750e+01 1.570174255371093750e+02
9.396889495849609375e+01 1.579644927978515625e+02
9.457086944580078125e+01 1.595346984863281250e+02
9.468153381347656250e+01 1.600096282958984375e+02
9.506162261962890625e+01 1.605727233886718750e+02
9.490831756591796875e+01 1.604396362304687500e+02
9.479470825195312500e+01 1.606575622558593750e+02
9.474636077880859375e+01 1.607572479248046875e+02
9.484677124023437500e+01 1.611665802001953125e+02
9.473158264160156250e+01 1.608624267578125000e+02
9.461530303955078125e+01 1.609078674316406250e+02
9.377026367187500000e+01 1.609142456054687500e+02
9.387177276611328125e+01 1.612487640380859375e+02
9.475593566894531250e+01 1.598694915771484375e+02
9.626777648925781250e+01 1.592874755859375000e+02
9.970804595947265625e+01 1.618246765136718750e+02
1.017438964843750000e+02 1.628861389160156250e+02
1.015724411010742188e+02 1.621521911621093750e+02
1.007884521484375000e+02 1.619458007812500000e+02
9.370019531250000000e+01 1.622664184570312500e+02
8.994027709960937500e+01 1.675017242431640625e+02
7.685691833496093750e+01 1.579622039794921875e+02
5.935290145874023438e+01 1.393954772949218750e+02
5.431066894531250000e+01 1.371863861083984375e+02
5.332807159423828125e+01 1.351996917724609375e+02
5.430992126464843750e+01 1.338519134521484375e+02
5.831237792968750000e+01 1.385441131591796875e+02
6.774797821044921875e+01 1.484773559570312500e+02
7.842704772949218750e+01 1.594918975830078125e+02
8.273556518554687500e+01 1.610086212158203125e+02
9.007698059082031250e+01 1.624358367919921875e+02
9.299286651611328125e+01 1.606557769775390625e+02
9.292679595947265625e+01 1.611084899902343750e+02
9.205300903320312500e+01 1.617080993652343750e+02
9.091569519042968750e+01 1.613916473388671875e+02
9.038323974609375000e+01 1.602389068603515625e+02
9.067633819580078125e+01 1.592189941406250000e+02
9.123365020751953125e+01 1.589054260253906250e+02
9.118467712402343750e+01 1.596490936279296875e+02
8.756253051757812500e+01 1.589775238037109375e+02
8.682277679443359375e+01 1.581099853515625000e+02
8.680709075927734375e+01 1.555725860595703125e+02
9.706638336181640625e+01 1.611941833496093750e+02
9.727574157714843750e+01 1.611210784912109375e+02
9.619905090332031250e+01 1.610205993652343750e+02
9.572435760498046875e+01 1.612684173583984375e+02
9.537113952636718750e+01 1.612118988037109375e+02
9.466941070556640625e+01 1.606371307373046875e+02
9.432058715820312500e+01 1.604433746337890625e+02
9.398612213134765625e+01 1.601328277587890625e+02
9.363704681396484375e+01 1.597899475097656250e+02
9.333398437500000000e+01 1.594737396240234375e+02
9.305641174316406250e+01 1.593794250488281250e+02
9.158200073242187500e+01 1.598747863769531250e+02
8.742090606689453125e+01 1.684377593994140625e+02
8.677565002441406250e+01 1.656663360595703125e+02
8.717581176757812500e+01 1.613623962402343750e+02
8.824835968017578125e+01 1.595619659423828125e+02
8.842290496826171875e+01 1.588515014648437500e+02
8.856691741943359375e+01 1.583132629394531250e+02
8.883979034423828125e+01 1.576445617675781250e+02
8.892184448242187500e+01 1.576641998291015625e+02
9.078761291503906250e+01 1.617332611083984375e+02
8.999123382568359375e+01 1.615426330566406250e+02
0.000000000000000000e+00 0.000000000000000000e+00
